500
0 327 2.002
327 0 2.002
0 379 3.475
379 0 3.475
0 114 2.256
114 0 2.256
0 52 7.09
52 0 7.09
0 456 5.908
456 0 5.908
0 302 4.797
302 0 4.797
1 15 1.843
15 1 1.843
1 119 5.548
119 1 5.548
1 13 6.051
13 1 6.051
1 366 6.849
366 1 6.849
1 279 4.776
279 1 4.776
1 229 6.303
229 1 6.303
2 414 8.824
414 2 8.824
2 388 8.252
388 2 8.252
2 357 4.804
357 2 4.804
2 142 2.399
142 2 2.399
2 490 7.871
490 2 7.871
2 52 1.835
52 2 1.835
3 49 4.231
49 3 4.231
3 176 6.434
176 3 6.434
3 413 1.391
413 3 1.391
3 235 5.826
235 3 5.826
3 498 9.301
498 3 9.301
3 40 5.968
40 3 5.968
4 424 6.658
424 4 6.658
4 453 8.755
453 4 8.755
4 295 2.731
295 4 2.731
4 35 1.412
35 4 1.412
4 116 7.958
116 4 7.958
4 40 8.698
40 4 8.698
5 443 1.909
443 5 1.909
5 142 5.081
142 5 5.081
5 427 4.283
427 5 4.283
5 189 4.197
189 5 4.197
5 343 3.403
343 5 3.403
5 479 7.152
479 5 7.152
6 36 6.482
36 6 6.482
6 87 5.807
87 6 5.807
6 125 2.471
125 6 2.471
6 194 3.43
194 6 3.43
6 473 6.76
473 6 6.76
6 285 2.977
285 6 2.977
7 166 8.586
166 7 8.586
7 397 1.503
397 7 1.503
7 420 1.289
420 7 1.289
7 161 4.61
161 7 4.61
7 33 2.899
33 7 2.899
7 482 6.105
482 7 6.105
8 367 3.832
367 8 3.832
8 335 5.493
335 8 5.493
8 452 9.231
452 8 9.231
8 234 5.52
234 8 5.52
8 71 3.22
71 8 3.22
8 287 5.851
287 8 5.851
9 382 6.261
382 9 6.261
9 459 6.252
459 9 6.252
9 185 2.974
185 9 2.974
9 70 5.586
70 9 5.586
9 46 7.802
46 9 7.802
9 440 1.987
440 9 1.987
10 321 2.44
321 10 2.44
10 348 4.799
348 10 4.799
10 32 4.463
32 10 4.463
10 305 9.965
305 10 9.965
10 270 3.263
270 10 3.263
10 283 8.747
283 10 8.747
11 5 7.123
5 11 7.123
11 58 7.135
58 11 7.135
11 274 7.758
274 11 7.758
11 393 6.769
393 11 6.769
11 57 3.642
57 11 3.642
11 80 5.084
80 11 5.084
12 488 7.499
488 12 7.499
12 368 3.371
368 12 3.371
12 256 7.858
256 12 7.858
12 259 9.214
259 12 9.214
12 445 6.628
445 12 6.628
12 430 6.751
430 12 6.751
13 311 2.79
311 13 2.79
13 191 7.863
191 13 7.863
13 276 9.581
276 13 9.581
13 472 5.773
472 13 5.773
13 0 6.391
0 13 6.391
13 250 1.175
250 13 1.175
14 475 4.267
475 14 4.267
14 425 8.261
425 14 8.261
14 122 1.521
122 14 1.521
14 449 6.106
449 14 6.106
14 40 1.771
40 14 1.771
14 248 8.344
248 14 8.344
15 389 5.794
389 15 5.794
15 64 2.156
64 15 2.156
15 243 9.522
243 15 9.522
15 84 3.386
84 15 3.386
15 446 6.459
446 15 6.459
15 493 2.906
493 15 2.906
16 276 7.797
276 16 7.797
16 353 2.81
353 16 2.81
16 159 4.591
159 16 4.591
16 343 6.849
343 16 6.849
16 224 9.097
224 16 9.097
16 231 2.089
231 16 2.089
17 115 1.576
115 17 1.576
17 10 6.295
10 17 6.295
17 117 6.296
117 17 6.296
17 3 1.639
3 17 1.639
17 323 1.53
323 17 1.53
17 34 9.149
34 17 9.149
18 440 3.974
440 18 3.974
18 263 3.142
263 18 3.142
18 342 5.369
342 18 5.369
18 276 2.191
276 18 2.191
18 478 8.941
478 18 8.941
18 295 5.254
295 18 5.254
19 401 5.257
401 19 5.257
19 208 2.714
208 19 2.714
19 49 6.931
49 19 6.931
19 181 4.812
181 19 4.812
19 239 8.775
239 19 8.775
19 27 7.06
27 19 7.06
20 330 1.886
330 20 1.886
20 206 7.554
206 20 7.554
20 409 8.755
409 20 8.755
20 127 2.724
127 20 2.724
20 274 5.038
274 20 5.038
20 216 2.651
216 20 2.651
21 236 3.248
236 21 3.248
21 472 1.678
472 21 1.678
21 413 8.752
413 21 8.752
21 281 1.881
281 21 1.881
21 333 9.994
333 21 9.994
21 428 1.133
428 21 1.133
22 47 9.337
47 22 9.337
22 434 3.127
434 22 3.127
22 208 5.371
208 22 5.371
22 109 8.782
109 22 8.782
22 462 1.528
462 22 1.528
22 194 1.019
194 22 1.019
23 199 3.387
199 23 3.387
23 401 6.002
401 23 6.002
23 146 4.807
146 23 4.807
23 490 7.575
490 23 7.575
23 367 5.38
367 23 5.38
24 97 3.67
97 24 3.67
24 495 1.526
495 24 1.526
24 376 5.88
376 24 5.88
24 382 3.822
382 24 3.822
24 25 6.258
25 24 6.258
24 257 9.274
257 24 9.274
25 271 2.417
271 25 2.417
25 491 5.57
491 25 5.57
25 435 2.672
435 25 2.672
25 304 1.612
304 25 1.612
25 441 3.117
441 25 3.117
25 61 9.474
61 25 9.474
26 291 3.216
291 26 3.216
26 304 1.358
304 26 1.358
26 41 4.773
41 26 4.773
26 298 6.087
298 26 6.087
26 161 9.412
161 26 9.412
26 104 7.028
104 26 7.028
27 160 3.148
160 27 3.148
27 202 2.178
202 27 2.178
27 330 3.7
330 27 3.7
27 161 9.361
161 27 9.361
27 479 1.653
479 27 1.653
27 234 6.59
234 27 6.59
28 288 9.965
288 28 9.965
28 37 5.839
37 28 5.839
28 259 3.387
259 28 3.387
28 477 4.141
477 28 4.141
28 35 8.913
35 28 8.913
28 189 3.565
189 28 3.565
29 224 8.504
224 29 8.504
29 360 3.723
360 29 3.723
29 413 6.886
413 29 6.886
29 4 7.011
4 29 7.011
29 283 3.694
283 29 3.694
29 339 1.932
339 29 1.932
30 449 2.209
449 30 2.209
30 59 9.007
59 30 9.007
30 380 5.979
380 30 5.979
30 139 3.536
139 30 3.536
30 107 7.459
107 30 7.459
30 104 7.187
104 30 7.187
31 436 3.376
436 31 3.376
31 250 3.26
250 31 3.26
31 464 8.615
464 31 8.615
31 47 6.709
47 31 6.709
31 424 3.49
424 31 3.49
31 1 4.002
1 31 4.002
32 66 6.734
66 32 6.734
32 134 2.454
134 32 2.454
32 226 5.965
226 32 5.965
32 218 6.048
218 32 6.048
32 57 1.677
57 32 1.677
32 452 7.219
452 32 7.219
33 76 5.91
76 33 5.91
33 427 4.323
427 33 4.323
33 282 2.333
282 33 2.333
33 65 1.376
65 33 1.376
33 186 9.091
186 33 9.091
33 407 9.75
407 33 9.75
34 20 9.09
20 34 9.09
34 107 7.139
107 34 7.139
34 341 1.925
341 34 1.925
34 399 6.039
399 34 6.039
34 447 4.657
447 34 4.657
34 317 7.745
317 34 7.745
35 473 9.369
473 35 9.369
35 442 2.463
442 35 2.463
35 409 8.297
409 35 8.297
35 451 4.711
451 35 4.711
35 91 7.629
91 35 7.629
35 170 8.041
170 35 8.041
36 210 8.22
210 36 8.22
36 442 7.616
442 36 7.616
36 127 3.401
127 36 3.401
36 403 7.312
403 36 7.312
36 195 8.85
195 36 8.85
36 439 5.236
439 36 5.236
37 102 8.349
102 37 8.349
37 235 4.147
235 37 4.147
37 420 8.158
420 37 8.158
37 116 3.006
116 37 3.006
37 337 2.738
337 37 2.738
37 168 3.507
168 37 3.507
38 35 9.702
35 38 9.702
38 142 4.16
142 38 4.16
38 260 4.597
260 38 4.597
38 431 5.826
431 38 5.826
38 480 1.248
480 38 1.248
38 449 9.734
449 38 9.734
39 91 6.225
91 39 6.225
39 135 1.344
135 39 1.344
39 305 4.911
305 39 4.911
39 373 8.078
373 39 8.078
39 223 6.456
223 39 6.456
39 261 2.041
261 39 2.041
40 460 6.189
460 40 6.189
40 130 1.399
130 40 1.399
40 223 1.015
223 40 1.015
40 473 2.458
473 40 2.458
40 351 7.475
351 40 7.475
40 379 7.633
379 40 7.633
41 100 4.278
100 41 4.278
41 35 9.54
35 41 9.54
41 471 3.972
471 41 3.972
41 160 6.97
160 41 6.97
41 63 7.478
63 41 7.478
41 153 5.564
153 41 5.564
42 341 4.676
341 42 4.676
42 206 7.275
206 42 7.275
42 283 2.146
283 42 2.146
42 215 6.984
215 42 6.984
42 194 7.096
194 42 7.096
42 462 2.566
462 42 2.566
43 291 3.709
291 43 3.709
43 280 8.504
280 43 8.504
43 155 3.582
155 43 3.582
43 220 8.072
220 43 8.072
43 310 6.892
310 43 6.892
43 238 4.976
238 43 4.976
44 345 2.923
345 44 2.923
44 242 8.144
242 44 8.144
44 491 8.164
491 44 8.164
44 86 6.93
86 44 6.93
44 145 5.639
145 44 5.639
44 324 6.573
324 44 6.573
45 47 8.366
47 45 8.366
45 384 3.114
384 45 3.114
45 158 3.022
158 45 3.022
45 101 2.326
101 45 2.326
45 23 3.204
23 45 3.204
45 243 6.501
243 45 6.501
46 393 1.655
393 46 1.655
46 212 8.975
212 46 8.975
46 294 2.75
294 46 2.75
46 356 4.456
356 46 4.456
46 204 3.196
204 46 3.196
46 335 7.189
335 46 7.189
47 457 7.759
457 47 7.759
47 394 8.969
394 47 8.969
47 398 4.826
398 47 4.826
47 90 8.237
90 47 8.237
47 356 5.662
356 47 5.662
47 25 6.017
25 47 6.017
48 469 8.635
469 48 8.635
48 233 2.2
233 48 2.2
48 237 7.008
237 48 7.008
48 286 6.359
286 48 6.359
48 486 7.797
486 48 7.797
48 226 6.514
226 48 6.514
49 368 9.028
368 49 9.028
49 218 8.475
218 49 8.475
49 280 5.013
280 49 5.013
49 81 7.693
81 49 7.693
49 243 5.051
243 49 5.051
49 384 3.225
384 49 3.225
50 326 3.496
326 50 3.496
50 398 5.692
398 50 5.692
50 320 3.153
320 50 3.153
50 225 1.697
225 50 1.697
50 146 3.11
146 50 3.11
50 171 3.877
171 50 3.877
51 276 1.725
276 51 1.725
51 77 3.081
77 51 3.081
51 355 2.375
355 51 2.375
51 109 1.578
109 51 1.578
51 208 3.978
208 51 3.978
51 238 4.742
238 51 4.742
52 105 8.496
105 52 8.496
52 199 9.144
199 52 9.144
52 299 9.515
299 52 9.515
52 10 8.711
10 52 8.711
52 391 6.181
391 52 6.181
52 244 1.053
244 52 1.053
53 180 3.688
180 53 3.688
53 199 8.681
199 53 8.681
53 488 8.522
488 53 8.522
53 275 7.728
275 53 7.728
53 279 8.199
279 53 8.199
53 459 2.985
459 53 2.985
54 112 3.456
112 54 3.456
54 248 1.261
248 54 1.261
54 172 7.02
172 54 7.02
54 408 4.639
408 54 4.639
54 84 8.565
84 54 8.565
54 470 2.149
470 54 2.149
55 318 5.807
318 55 5.807
55 464 4.546
464 55 4.546
55 288 6.967
288 55 6.967
55 42 6.785
42 55 6.785
55 69 8.802
69 55 8.802
55 93 1.453
93 55 1.453
56 194 3.946
194 56 3.946
56 232 3.942
232 56 3.942
56 389 8.917
389 56 8.917
56 142 7.768
142 56 7.768
56 425 4.794
425 56 4.794
56 427 1.737
427 56 1.737
57 9 7.741
9 57 7.741
57 26 9.999
26 57 9.999
57 179 3.018
179 57 3.018
57 35 8.031
35 57 8.031
57 333 1.362
333 57 1.362
57 15 9.547
15 57 9.547
58 102 8.553
102 58 8.553
58 318 2.371
318 58 2.371
58 64 5.262
64 58 5.262
58 288 9.53
288 58 9.53
58 238 7.295
238 58 7.295
59 392 4.32
392 59 4.32
59 310 6.465
310 59 6.465
59 382 7.465
382 59 7.465
59 398 8.374
398 59 8.374
59 493 3.799
493 59 3.799
59 296 1.231
296 59 1.231
60 159 6.182
159 60 6.182
60 464 9.624
464 60 9.624
60 203 9.473
203 60 9.473
60 101 1.684
101 60 1.684
60 353 8.475
353 60 8.475
60 124 1.917
124 60 1.917
61 395 3.714
395 61 3.714
61 350 6.404
350 61 6.404
61 407 9.855
407 61 9.855
61 400 1.37
400 61 1.37
61 272 4.855
272 61 4.855
62 189 1.621
189 62 1.621
62 331 4.071
331 62 4.071
62 434 4.781
434 62 4.781
62 250 1.95
250 62 1.95
62 491 4.26
491 62 4.26
62 456 8.458
456 62 8.458
63 362 2.377
362 63 2.377
63 90 7.604
90 63 7.604
63 494 6.854
494 63 6.854
63 315 8.274
315 63 8.274
63 275 7.972
275 63 7.972
63 238 4.92
238 63 4.92
64 374 6.332
374 64 6.332
64 165 8.665
165 64 8.665
64 425 9.412
425 64 9.412
64 142 8.935
142 64 8.935
64 124 7.754
124 64 7.754
64 291 6.493
291 64 6.493
65 194 4.028
194 65 4.028
65 253 8.659
253 65 8.659
65 93 5.388
93 65 5.388
65 181 8.18
181 65 8.18
65 174 3.517
174 65 3.517
65 305 7.311
305 65 7.311
66 141 6.002
141 66 6.002
66 264 9.533
264 66 9.533
66 43 3.172
43 66 3.172
66 208 5.397
208 66 5.397
66 388 3.163
388 66 3.163
66 243 6.813
243 66 6.813
67 251 5.034
251 67 5.034
67 8 1.837
8 67 1.837
67 113 4.64
113 67 4.64
67 124 3.756
124 67 3.756
67 297 4.321
297 67 4.321
67 283 5.778
283 67 5.778
68 217 9.97
217 68 9.97
68 281 3.977
281 68 3.977
68 359 5.084
359 68 5.084
68 156 3.263
156 68 3.263
68 61 7.492
61 68 7.492
68 161 2.076
161 68 2.076
69 274 9.558
274 69 9.558
69 353 2.666
353 69 2.666
69 110 7.647
110 69 7.647
69 141 7.521
141 69 7.521
69 389 5.722
389 69 5.722
69 144 9.825
144 69 9.825
70 426 2.747
426 70 2.747
70 116 4.248
116 70 4.248
70 154 1.127
154 70 1.127
70 273 2.139
273 70 2.139
70 23 9.769
23 70 9.769
70 283 3.629
283 70 3.629
71 483 2.137
483 71 2.137
71 444 7.775
444 71 7.775
71 52 8.854
52 71 8.854
71 293 3.559
293 71 3.559
71 245 4.964
245 71 4.964
71 94 9.689
94 71 9.689
72 129 9.47
129 72 9.47
72 244 2.027
244 72 2.027
72 33 4.606
33 72 4.606
72 37 6.193
37 72 6.193
72 351 1.482
351 72 1.482
72 76 8.3
76 72 8.3
73 485 3.735
485 73 3.735
73 127 2.066
127 73 2.066
73 391 4.746
391 73 4.746
73 305 8.117
305 73 8.117
73 115 7.981
115 73 7.981
73 194 5.055
194 73 5.055
74 226 3.676
226 74 3.676
74 301 9.91
301 74 9.91
74 156 6.118
156 74 6.118
74 30 6.487
30 74 6.487
74 378 1.893
378 74 1.893
74 390 2.87
390 74 2.87
75 108 3.382
108 75 3.382
75 41 2.414
41 75 2.414
75 88 5.968
88 75 5.968
75 80 1.024
80 75 1.024
75 230 7.204
230 75 7.204
75 240 3.621
240 75 3.621
76 118 3.593
118 76 3.593
76 144 7.327
144 76 7.327
76 232 1.641
232 76 1.641
76 119 9.315
119 76 9.315
76 403 8.121
403 76 8.121
76 301 6.951
301 76 6.951
77 478 2.78
478 77 2.78
77 58 5.901
58 77 5.901
77 331 2.341
331 77 2.341
77 136 4.958
136 77 4.958
77 36 1.537
36 77 1.537
77 405 3.769
405 77 3.769
78 383 8.418
383 78 8.418
78 471 3.597
471 78 3.597
78 63 5.218
63 78 5.218
78 155 7.298
155 78 7.298
78 482 3.45
482 78 3.45
78 276 5.444
276 78 5.444
79 41 6.382
41 79 6.382
79 455 4.888
455 79 4.888
79 165 6.433
165 79 6.433
79 13 1.822
13 79 1.822
79 492 4.343
492 79 4.343
79 440 6.177
440 79 6.177
80 486 1.187
486 80 1.187
80 391 7.051
391 80 7.051
80 137 6.186
137 80 6.186
80 390 7.806
390 80 7.806
80 240 5.671
240 80 5.671
80 226 9.245
226 80 9.245
81 92 9.973
92 81 9.973
81 223 6.713
223 81 6.713
81 251 9.721
251 81 9.721
81 240 4.132
240 81 4.132
81 170 3.89
170 81 3.89
81 53 8.72
53 81 8.72
82 168 4.705
168 82 4.705
82 253 3.594
253 82 3.594
82 483 4.604
483 82 4.604
82 389 5.951
389 82 5.951
82 232 1.793
232 82 1.793
82 129 3.909
129 82 3.909
83 496 7.953
496 83 7.953
83 442 5.631
442 83 5.631
83 0 6.919
0 83 6.919
83 277 5.158
277 83 5.158
83 27 2.688
27 83 2.688
83 185 6.604
185 83 6.604
84 255 6.629
255 84 6.629
84 389 1.465
389 84 1.465
84 136 5.943
136 84 5.943
84 474 3.592
474 84 3.592
84 450 7.284
450 84 7.284
84 62 1.26
62 84 1.26
85 322 6.48
322 85 6.48
85 122 7.388
122 85 7.388
85 159 5.958
159 85 5.958
85 282 4.672
282 85 4.672
85 115 9.93
115 85 9.93
85 467 2.021
467 85 2.021
86 484 2.057
484 86 2.057
86 426 2.386
426 86 2.386
86 477 7.449
477 86 7.449
86 260 7.349
260 86 7.349
86 212 8.513
212 86 8.513
86 241 3.194
241 86 3.194
87 282 2.302
282 87 2.302
87 97 9.297
97 87 9.297
87 260 7.717
260 87 7.717
87 69 8.776
69 87 8.776
87 141 7.954
141 87 7.954
87 437 4.734
437 87 4.734
88 478 8.089
478 88 8.089
88 136 8.385
136 88 8.385
88 144 7.534
144 88 7.534
88 428 6.282
428 88 6.282
88 337 5.407
337 88 5.407
88 76 5.019
76 88 5.019
89 247 4.106
247 89 4.106
89 282 7.866
282 89 7.866
89 193 5.098
193 89 5.098
89 164 8.826
164 89 8.826
89 357 3.149
357 89 3.149
89 196 3.102
196 89 3.102
90 397 4.697
397 90 4.697
90 162 7.702
162 90 7.702
90 361 9.221
361 90 9.221
90 195 4.475
195 90 4.475
90 339 8.132
339 90 8.132
90 333 9.827
333 90 9.827
91 253 9.683
253 91 9.683
91 64 5.521
64 91 5.521
91 302 3.988
302 91 3.988
91 51 8.868
51 91 8.868
91 225 1.897
225 91 1.897
91 466 5.112
466 91 5.112
92 369 2.297
369 92 2.297
92 445 6.893
445 92 6.893
92 79 1.673
79 92 1.673
92 400 9.723
400 92 9.723
92 173 6.609
173 92 6.609
92 203 6.849
203 92 6.849
93 436 3.957
436 93 3.957
93 345 8.734
345 93 8.734
93 194 9.587
194 93 9.587
93 320 7.468
320 93 7.468
93 388 5.392
388 93 5.392
93 277 1.323
277 93 1.323
94 35 3.113
35 94 3.113
94 350 9.288
350 94 9.288
94 116 7.721
116 94 7.721
94 222 9.805
222 94 9.805
94 389 6.704
389 94 6.704
94 446 1.905
446 94 1.905
95 85 7.246
85 95 7.246
95 462 1.261
462 95 1.261
95 166 8.165
166 95 8.165
95 150 4.226
150 95 4.226
95 220 2.31
220 95 2.31
95 271 4.708
271 95 4.708
96 349 8.133
349 96 8.133
96 87 2.576
87 96 2.576
96 312 8.838
312 96 8.838
96 317 7.148
317 96 7.148
96 254 9.215
254 96 9.215
96 73 3.09
73 96 3.09
97 326 3.286
326 97 3.286
97 130 7.002
130 97 7.002
97 460 8.242
460 97 8.242
97 461 3.589
461 97 3.589
97 279 2.422
279 97 2.422
97 226 9.507
226 97 9.507
98 300 3.692
300 98 3.692
98 492 4.819
492 98 4.819
98 128 5.112
128 98 5.112
98 154 2.793
154 98 2.793
98 196 8.68
196 98 8.68
98 54 3.135
54 98 3.135
99 292 4.231
292 99 4.231
99 151 1.197
151 99 1.197
99 424 6.924
424 99 6.924
99 140 1.073
140 99 1.073
99 442 7.172
442 99 7.172
100 381 9.762
381 100 9.762
100 466 6.458
466 100 6.458
100 254 8.496
254 100 8.496
100 462 3.576
462 100 3.576
100 409 3.071
409 100 3.071
100 410 4.171
410 100 4.171
101 325 2.711
325 101 2.711
101 128 7.1
128 101 7.1
101 369 7.907
369 101 7.907
101 348 8.545
348 101 8.545
101 321 6.817
321 101 6.817
102 158 8.097
158 102 8.097
102 17 6.216
17 102 6.216
102 374 8.002
374 102 8.002
102 465 3.656
465 102 3.656
102 382 4.74
382 102 4.74
103 67 8.079
67 103 8.079
103 448 9.743
448 103 9.743
103 271 5.516
271 103 5.516
103 139 8.474
139 103 8.474
103 131 9.226
131 103 9.226
103 483 5.337
483 103 5.337
104 412 3.656
412 104 3.656
104 445 4.048
445 104 4.048
104 58 5.215
58 104 5.215
104 38 2.267
38 104 2.267
104 494 3.031
494 104 3.031
104 346 7.518
346 104 7.518
105 203 9.705
203 105 9.705
105 411 6.016
411 105 6.016
105 46 8.116
46 105 8.116
105 7 3.38
7 105 3.38
105 63 5.093
63 105 5.093
105 344 7.741
344 105 7.741
106 134 6.261
134 106 6.261
106 421 6.747
421 106 6.747
106 190 1.975
190 106 1.975
106 119 5.243
119 106 5.243
106 317 8.958
317 106 8.958
106 287 3.952
287 106 3.952
107 312 2.992
312 107 2.992
107 32 6.719
32 107 6.719
107 237 9.184
237 107 9.184
107 154 6.843
154 107 6.843
107 59 2.258
59 107 2.258
107 484 1.335
484 107 1.335
108 252 2.045
252 108 2.045
108 120 8.985
120 108 8.985
108 69 4.498
69 108 4.498
108 189 7.034
189 108 7.034
108 380 7.268
380 108 7.268
108 276 4.772
276 108 4.772
109 380 7.539
380 109 7.539
109 453 4.734
453 109 4.734
109 50 8.503
50 109 8.503
109 315 4.673
315 109 4.673
109 487 3.518
487 109 3.518
109 353 4.335
353 109 4.335
110 227 5.002
227 110 5.002
110 120 8.699
120 110 8.699
110 50 9.828
50 110 9.828
110 188 5.9
188 110 5.9
110 330 4.228
330 110 4.228
110 203 3.483
203 110 3.483
111 495 2.099
495 111 2.099
111 434 8.418
434 111 8.418
111 46 6.965
46 111 6.965
111 328 6.755
328 111 6.755
111 497 1.192
497 111 1.192
111 402 4.002
402 111 4.002
112 64 8.083
64 112 8.083
112 105 1.617
105 112 1.617
112 391 5.988
391 112 5.988
112 300 2.944
300 112 2.944
112 445 3.097
445 112 3.097
112 396 2.328
396 112 2.328
113 461 6.364
461 113 6.364
113 141 8.726
141 113 8.726
113 74 9.888
74 113 9.888
113 276 3.256
276 113 3.256
113 89 1.989
89 113 1.989
113 443 1.232
443 113 1.232
114 7 4.224
7 114 4.224
114 403 3.141
403 114 3.141
114 165 1.142
165 114 1.142
114 135 1.472
135 114 1.472
114 379 4.789
379 114 4.789
114 58 7.711
58 114 7.711
115 243 5.034
243 115 5.034
115 185 5.619
185 115 5.619
115 55 5.068
55 115 5.068
115 113 9.509
113 115 9.509
115 22 7.545
22 115 7.545
115 465 8.803
465 115 8.803
116 266 3.715
266 116 3.715
116 329 9.676
329 116 9.676
116 31 9.987
31 116 9.987
116 433 4.615
433 116 4.615
116 351 1.972
351 116 1.972
116 364 9.187
364 116 9.187
117 37 9.093
37 117 9.093
117 164 6.475
164 117 6.475
117 33 2.136
33 117 2.136
117 319 6.698
319 117 6.698
117 280 7.409
280 117 7.409
117 195 9.952
195 117 9.952
118 271 3.654
271 118 3.654
118 258 6.449
258 118 6.449
118 50 8.138
50 118 8.138
118 58 8.675
58 118 8.675
118 333 8.899
333 118 8.899
118 282 7.488
282 118 7.488
119 110 4.871
110 119 4.871
119 454 3.056
454 119 3.056
119 173 8.447
173 119 8.447
119 204 4.744
204 119 4.744
119 48 3.813
48 119 3.813
119 160 6.986
160 119 6.986
120 191 9.582
191 120 9.582
120 351 9.307
351 120 9.307
120 34 1.821
34 120 1.821
120 43 1.839
43 120 1.839
120 49 7.701
49 120 7.701
120 190 8.306
190 120 8.306
121 284 1.54
284 121 1.54
121 489 6.054
489 121 6.054
121 168 7.03
168 121 7.03
121 210 4.182
210 121 4.182
121 340 9.47
340 121 9.47
121 216 8.813
216 121 8.813
122 369 1.463
369 122 1.463
122 147 6.404
147 122 6.404
122 180 1.932
180 122 1.932
122 259 2.915
259 122 2.915
122 336 5.34
336 122 5.34
122 433 1.974
433 122 1.974
123 432 6.006
432 123 6.006
123 58 7.863
58 123 7.863
123 293 3.035
293 123 3.035
123 219 8.606
219 123 8.606
123 498 7.907
498 123 7.907
123 318 6.522
318 123 6.522
124 329 6.011
329 124 6.011
124 311 9.362
311 124 9.362
124 424 7.241
424 124 7.241
124 14 2.624
14 124 2.624
124 359 7.862
359 124 7.862
124 471 4.058
471 124 4.058
125 3 2.633
3 125 2.633
125 73 6.097
73 125 6.097
125 205 1.626
205 125 1.626
125 379 6.699
379 125 6.699
125 15 1.826
15 125 1.826
125 271 2.936
271 125 2.936
126 214 5.083
214 126 5.083
126 80 4.33
80 126 4.33
126 369 3.919
369 126 3.919
126 482 6.108
482 126 6.108
126 43 8.95
43 126 8.95
126 79 2.417
79 126 2.417
127 316 6.677
316 127 6.677
127 41 3.449
41 127 3.449
127 338 4.816
338 127 4.816
127 310 9.716
310 127 9.716
127 139 2.94
139 127 2.94
127 262 2.024
262 127 2.024
128 220 1.998
220 128 1.998
128 347 7.106
347 128 7.106
128 249 5.742
249 128 5.742
128 157 1.409
157 128 1.409
128 202 9.86
202 128 9.86
128 28 1.069
28 128 1.069
129 154 9.508
154 129 9.508
129 392 2.235
392 129 2.235
129 130 3.605
130 129 3.605
129 61 1.07
61 129 1.07
129 382 4.876
382 129 4.876
129 66 4.422
66 129 4.422
130 360 3.071
360 130 3.071
130 286 8.5
286 130 8.5
130 412 4.188
412 130 4.188
130 203 8.756
203 130 8.756
130 21 4.926
21 130 4.926
130 235 9.29
235 130 9.29
131 441 3.818
441 131 3.818
131 219 6.161
219 131 6.161
131 363 6.761
363 131 6.761
131 148 2.037
148 131 2.037
131 10 9.696
10 131 9.696
131 87 8.212
87 131 8.212
132 316 5.141
316 132 5.141
132 353 9.278
353 132 9.278
132 45 4.93
45 132 4.93
132 54 3.19
54 132 3.19
132 301 4.604
301 132 4.604
132 40 4.562
40 132 4.562
133 158 7.712
158 133 7.712
133 113 3.998
113 133 3.998
133 86 1.687
86 133 1.687
133 324 2.026
324 133 2.026
133 261 2.745
261 133 2.745
133 397 4.144
397 133 4.144
134 372 9.624
372 134 9.624
134 330 8.335
330 134 8.335
134 120 1.925
120 134 1.925
134 131 2.775
131 134 2.775
134 308 2.376
308 134 2.376
134 388 6.9
388 134 6.9
135 90 9.562
90 135 9.562
135 321 5.447
321 135 5.447
135 386 6.074
386 135 6.074
135 296 5.04
296 135 5.04
135 473 8.938
473 135 8.938
135 329 2.887
329 135 2.887
136 319 3.909
319 136 3.909
136 497 6.645
497 136 6.645
136 240 4.98
240 136 4.98
136 155 8.167
155 136 8.167
136 302 1.506
302 136 1.506
137 259 1.668
259 137 1.668
137 236 5.067
236 137 5.067
137 29 4.319
29 137 4.319
137 146 1.691
146 137 1.691
137 442 9.796
442 137 9.796
137 46 6.535
46 137 6.535
138 259 4.46
259 138 4.46
138 297 5.989
297 138 5.989
138 405 7.65
405 138 7.65
138 21 5.048
21 138 5.048
138 414 6.145
414 138 6.145
138 96 3.894
96 138 3.894
139 243 5.512
243 139 5.512
139 490 1.557
490 139 1.557
139 52 8.299
52 139 8.299
139 428 4.091
428 139 4.091
139 365 1.759
365 139 1.759
139 330 2.553
330 139 2.553
140 126 7.369
126 140 7.369
140 224 5.717
224 140 5.717
140 312 2.429
312 140 2.429
140 190 9.261
190 140 9.261
140 198 4.679
198 140 4.679
140 173 7.11
173 140 7.11
141 26 8.103
26 141 8.103
141 331 4.012
331 141 4.012
141 168 1.851
168 141 1.851
141 347 4.479
347 141 4.479
141 129 7.514
129 141 7.514
141 336 9.68
336 141 9.68
142 308 8.86
308 142 8.86
142 170 1.734
170 142 1.734
142 339 2.273
339 142 2.273
142 179 3.792
179 142 3.792
142 335 7.286
335 142 7.286
142 200 2.161
200 142 2.161
143 362 9.442
362 143 9.442
143 158 6.03
158 143 6.03
143 329 8.125
329 143 8.125
143 416 2.15
416 143 2.15
143 359 8.461
359 143 8.461
143 378 9.974
378 143 9.974
144 467 5.738
467 144 5.738
144 330 7.034
330 144 7.034
144 260 4.256
260 144 4.256
144 185 3.78
185 144 3.78
144 486 2.928
486 144 2.928
144 485 3.423
485 144 3.423
145 98 3.039
98 145 3.039
145 70 2.395
70 145 2.395
145 151 8.6
151 145 8.6
145 51 5.569
51 145 5.569
145 276 8.516
276 145 8.516
145 452 5.739
452 145 5.739
146 338 4.031
338 146 4.031
146 392 6.562
392 146 6.562
146 305 4.39
305 146 4.39
146 83 2.628
83 146 2.628
146 354 7.94
354 146 7.94
146 414 9.124
414 146 9.124
147 369 4.939
369 147 4.939
147 210 4.279
210 147 4.279
147 368 3.138
368 147 3.138
147 227 6.495
227 147 6.495
147 385 7.737
385 147 7.737
147 229 3.106
229 147 3.106
148 122 3.785
122 148 3.785
148 414 8.059
414 148 8.059
148 462 8.516
462 148 8.516
148 188 7.105
188 148 7.105
148 292 9.86
292 148 9.86
148 236 7.925
236 148 7.925
149 398 4.437
398 149 4.437
149 270 4.768
270 149 4.768
149 82 8.352
82 149 8.352
149 410 6.442
410 149 6.442
149 446 3.25
446 149 3.25
149 328 5.325
328 149 5.325
150 190 5.991
190 150 5.991
150 52 7.403
52 150 7.403
150 264 8.66
264 150 8.66
150 145 1.755
145 150 1.755
150 82 3.455
82 150 3.455
150 463 5.62
463 150 5.62
151 425 4.937
425 151 4.937
151 484 9.195
484 151 9.195
151 418 9.641
418 151 9.641
151 178 9.374
178 151 9.374
151 212 1.479
212 151 1.479
151 257 4.366
257 151 4.366
152 197 9.951
197 152 9.951
152 191 3.021
191 152 3.021
152 163 9.377
163 152 9.377
152 429 7.432
429 152 7.432
152 171 8.122
171 152 8.122
152 70 1.345
70 152 1.345
153 469 8.468
469 153 8.468
153 356 8.48
356 153 8.48
153 388 7.35
388 153 7.35
153 229 6.538
229 153 6.538
153 463 1.713
463 153 1.713
153 131 2.941
131 153 2.941
154 76 5.939
76 154 5.939
154 372 6.48
372 154 6.48
154 216 2.001
216 154 2.001
154 147 3.139
147 154 3.139
154 62 1.43
62 154 1.43
154 214 6.751
214 154 6.751
155 318 5.114
318 155 5.114
155 56 8.53
56 155 8.53
155 255 6.371
255 155 6.371
155 8 6.688
8 155 6.688
155 294 3.177
294 155 3.177
155 73 3.621
73 155 3.621
156 0 6.533
0 156 6.533
156 123 6.136
123 156 6.136
156 95 6.979
95 156 6.979
156 43 5.711
43 156 5.711
156 184 1.609
184 156 1.609
156 269 5.897
269 156 5.897
157 402 9.895
402 157 9.895
157 283 1.183
283 157 1.183
157 447 6.199
447 157 6.199
157 325 4.482
325 157 4.482
157 191 3.283
191 157 3.283
157 8 4.214
8 157 4.214
158 34 4.103
34 158 4.103
158 375 6.914
375 158 6.914
158 53 7.944
53 158 7.944
158 376 7.81
376 158 7.81
158 68 1.399
68 158 1.399
158 279 4.047
279 158 4.047
159 329 2.576
329 159 2.576
159 398 7.162
398 159 7.162
159 356 5.307
356 159 5.307
159 93 8.303
93 159 8.303
159 32 7.444
32 159 7.444
159 483 5.119
483 159 5.119
160 150 2.814
150 160 2.814
160 405 2.795
405 160 2.795
160 21 3.84
21 160 3.84
160 158 5.638
158 160 5.638
160 417 5.887
417 160 5.887
160 129 1.33
129 160 1.33
161 331 2.72
331 161 2.72
161 182 8.759
182 161 8.759
161 24 8.792
24 161 8.792
161 169 3.459
169 161 3.459
161 409 4.312
409 161 4.312
161 455 4.6
455 161 4.6
162 225 9.052
225 162 9.052
162 197 4.051
197 162 4.051
162 95 5.466
95 162 5.466
162 254 4.306
254 162 4.306
162 408 5.673
408 162 5.673
162 410 1.744
410 162 1.744
163 217 1.71
217 163 1.71
163 308 9.956
308 163 9.956
163 92 5.909
92 163 5.909
163 164 1.923
164 163 1.923
163 167 6.948
167 163 6.948
163 156 5.013
156 163 5.013
164 367 4.835
367 164 4.835
164 353 4.995
353 164 4.995
164 228 1.381
228 164 1.381
164 445 9.204
445 164 9.204
164 314 9.983
314 164 9.983
164 140 6.755
140 164 6.755
165 405 9.531
405 165 9.531
165 38 7.041
38 165 7.041
165 207 4.27
207 165 4.27
165 410 7.749
410 165 7.749
165 81 9.575
81 165 9.575
165 73 8.638
73 165 8.638
166 347 8.032
347 166 8.032
166 17 2.136
17 166 2.136
166 120 8.007
120 166 8.007
166 187 4.259
187 166 4.259
166 486 6.105
486 166 6.105
166 309 2.381
309 166 2.381
167 230 9.539
230 167 9.539
167 190 4.995
190 167 4.995
167 39 6.165
39 167 6.165
167 271 4.303
271 167 4.303
167 160 6.846
160 167 6.846
167 127 9.645
127 167 9.645
168 13 7.621
13 168 7.621
168 255 5.66
255 168 5.66
168 467 6.055
467 168 6.055
168 134 7.975
134 168 7.975
168 360 5.016
360 168 5.016
168 313 3.57
313 168 3.57
169 469 9.988
469 169 9.988
169 102 2.104
102 169 2.104
169 436 1.666
436 169 1.666
169 88 9.088
88 169 9.088
169 227 9.975
227 169 9.975
169 414 1.341
414 169 1.341
170 432 9.879
432 170 9.879
170 341 4.127
341 170 4.127
170 33 5.95
33 170 5.95
170 148 9.022
148 170 9.022
170 435 2.418
435 170 2.418
170 363 9.346
363 170 9.346
171 326 2.567
326 171 2.567
171 185 5.579
185 171 5.579
171 62 9.866
62 171 9.866
171 405 2.25
405 171 2.25
171 404 5.446
404 171 5.446
171 184 5.986
184 171 5.986
172 188 5.207
188 172 5.207
172 282 2.168
282 172 2.168
172 452 1.776
452 172 1.776
172 158 4.583
158 172 4.583
172 367 7.47
367 172 7.47
172 269 4.697
269 172 4.697
173 209 8.41
209 173 8.41
173 37 2.128
37 173 2.128
173 162 6.781
162 173 6.781
173 230 5.192
230 173 5.192
173 264 4.101
264 173 4.101
173 449 8.461
449 173 8.461
174 282 6.758
282 174 6.758
174 93 7.91
93 174 7.91
174 66 4.894
66 174 4.894
174 466 8.814
466 174 8.814
174 425 2.117
425 174 2.117
174 78 3.737
78 174 3.737
175 82 3.904
82 175 3.904
175 363 3.029
363 175 3.029
175 485 9.468
485 175 9.468
175 458 3.556
458 175 3.556
175 40 3.255
40 175 3.255
175 325 9.607
325 175 9.607
176 140 2.127
140 176 2.127
176 155 6.53
155 176 6.53
176 47 5.523
47 176 5.523
176 86 6.326
86 176 6.326
176 297 2.388
297 176 2.388
176 337 6.62
337 176 6.62
177 461 6.446
461 177 6.446
177 431 9.315
431 177 9.315
177 21 8.427
21 177 8.427
177 14 1.731
14 177 1.731
177 485 6.773
485 177 6.773
177 295 3.382
295 177 3.382
178 107 7.903
107 178 7.903
178 213 6.563
213 178 6.563
178 15 5.482
15 178 5.482
178 321 5.91
321 178 5.91
178 328 9.61
328 178 9.61
178 247 3.204
247 178 3.204
179 413 7.165
413 179 7.165
179 152 5.082
152 179 5.082
179 352 4.098
352 179 4.098
179 225 4.741
225 179 4.741
179 237 2.836
237 179 2.836
179 310 2.293
310 179 2.293
180 441 7.465
441 180 7.465
180 375 9.892
375 180 9.892
180 176 9.778
176 180 9.778
180 66 7.846
66 180 7.846
180 263 6.055
263 180 6.055
180 163 3.176
163 180 3.176
181 62 3.407
62 181 3.407
181 126 2.268
126 181 2.268
181 25 3.612
25 181 3.612
181 196 8.777
196 181 8.777
181 214 3.234
214 181 3.234
181 443 9.121
443 181 9.121
182 416 3.947
416 182 3.947
182 295 7.49
295 182 7.49
182 97 7.868
97 182 7.868
182 255 9.964
255 182 9.964
182 239 5.489
239 182 5.489
182 157 5.476
157 182 5.476
183 46 9.507
46 183 9.507
183 258 5.115
258 183 5.115
183 123 2.936
123 183 2.936
183 180 1.438
180 183 1.438
183 144 5.454
144 183 5.454
183 451 8.586
451 183 8.586
184 344 5.235
344 184 5.235
184 274 1.074
274 184 1.074
184 55 4.878
55 184 4.878
184 451 3.38
451 184 3.38
184 187 1.407
187 184 1.407
185 26 6.133
26 185 6.133
185 99 4.263
99 185 4.263
185 147 1.662
147 185 1.662
185 258 5.053
258 185 5.053
185 281 3.517
281 185 3.517
185 319 7.124
319 185 7.124
186 60 2.158
60 186 2.158
186 49 4.545
49 186 4.545
186 406 9.881
406 186 9.881
186 285 9.451
285 186 9.451
186 386 2.298
386 186 2.298
186 308 5.582
308 186 5.582
187 256 1.362
256 187 1.362
187 19 2.233
19 187 2.233
187 170 8.236
170 187 8.236
187 265 5.113
265 187 5.113
187 310 9.038
310 187 9.038
187 71 3.952
71 187 3.952
188 313 3.867
313 188 3.867
188 201 9.916
201 188 9.916
188 378 8.583
378 188 8.583
188 303 4.027
303 188 4.027
188 424 5.587
424 188 5.587
188 250 7.379
250 188 7.379
189 153 5.274
153 189 5.274
189 8 4.315
8 189 4.315
189 344 1.986
344 189 1.986
189 213 6.253
213 189 6.253
189 407 9.089
407 189 9.089
189 446 7.192
446 189 7.192
190 13 6.372
13 190 6.372
190 135 9.704
135 190 9.704
190 400 9.749
400 190 9.749
190 296 2.142
296 190 2.142
190 369 1.462
369 190 1.462
190 245 2.535
245 190 2.535
191 322 7.491
322 191 7.491
191 396 8.571
396 191 8.571
191 75 8.395
75 191 8.395
191 124 1.284
124 191 1.284
191 485 7.305
485 191 7.305
191 97 1.17
97 191 1.17
192 160 4.769
160 192 4.769
192 211 7.215
211 192 7.215
192 210 5.516
210 192 5.516
192 313 9.285
313 192 9.285
192 446 8.635
446 192 8.635
192 372 1.561
372 192 1.561
193 70 5.668
70 193 5.668
193 287 3.925
287 193 3.925
193 339 5.305
339 193 5.305
193 192 3.824
192 193 3.824
193 88 5.137
88 193 5.137
193 272 4.081
272 193 4.081
194 181 7.083
181 194 7.083
194 444 7.488
444 194 7.488
194 329 8.233
329 194 8.233
194 135 6.491
135 194 6.491
194 98 9.616
98 194 9.616
194 142 6.023
142 194 6.023
195 115 9.473
115 195 9.473
195 152 7.941
152 195 7.941
195 360 5.401
360 195 5.401
195 245 4.139
245 195 4.139
195 478 9.41
478 195 9.41
196 369 3.461
369 196 3.461
196 62 6.161
62 196 6.161
196 278 4.417
278 196 4.417
196 202 8.365
202 196 8.365
196 488 7.958
488 196 7.958
196 74 3.614
74 196 3.614
197 147 9.598
147 197 9.598
197 40 4.117
40 197 4.117
197 226 6.904
226 197 6.904
197 382 5.312
382 197 5.312
197 103 8.452
103 197 8.452
197 138 9.397
138 197 9.397
198 356 3.445
356 198 3.445
198 55 6.541
55 198 6.541
198 300 3.154
300 198 3.154
198 25 7.029
25 198 7.029
198 271 3.031
271 198 3.031
198 119 1.472
119 198 1.472
199 211 3.973
211 199 3.973
199 241 1.905
241 199 1.905
199 394 2.237
394 199 2.237
199 493 5.953
493 199 5.953
199 475 2.421
475 199 2.421
199 334 9.415
334 199 9.415
200 449 5.281
449 200 5.281
200 333 6.167
333 200 6.167
200 493 3.585
493 200 3.585
200 146 6.813
146 200 6.813
200 464 7.919
464 200 7.919
201 273 7.648
273 201 7.648
201 435 9.43
435 201 9.43
201 467 9.293
467 201 9.293
201 213 8.94
213 201 8.94
201 90 9.405
90 201 9.405
201 18 9.975
18 201 9.975
202 203 8.092
203 202 8.092
202 95 9.429
95 202 9.429
202 492 8.851
492 202 8.851
202 148 8.891
148 202 8.891
202 4 3.686
4 202 3.686
202 308 1.966
308 202 1.966
203 171 3.561
171 203 3.561
203 328 5.89
328 203 5.89
203 252 9.003
252 203 9.003
203 68 8.66
68 203 8.66
203 239 3.456
239 203 3.456
203 414 2.014
414 203 2.014
204 83 7.58
83 204 7.58
204 331 3.315
331 204 3.315
204 95 1.127
95 204 1.127
204 172 8.117
172 204 8.117
204 290 7.07
290 204 7.07
204 98 2.579
98 204 2.579
205 438 6.749
438 205 6.749
205 207 8.443
207 205 8.443
205 263 3.951
263 205 3.951
205 342 1.858
342 205 1.858
205 71 5.297
71 205 5.297
206 479 3.232
479 206 3.232
206 133 4.452
133 206 4.452
206 228 7.784
228 206 7.784
206 488 3.967
488 206 3.967
206 298 7.506
298 206 7.506
206 5 3.354
5 206 3.354
207 184 7.235
184 207 7.235
207 31 7.01
31 207 7.01
207 238 3.761
238 207 3.761
207 351 5.523
351 207 5.523
207 458 8.99
458 207 8.99
208 394 3.799
394 208 3.799
208 60 6.748
60 208 6.748
208 481 3.655
481 208 3.655
208 314 2.988
314 208 2.988
208 490 2.202
490 208 2.202
208 78 5.095
78 208 5.095
209 310 4.363
310 209 4.363
209 359 5.943
359 209 5.943
209 241 7.816
241 209 7.816
209 410 6.977
410 209 6.977
209 111 7.857
111 209 7.857
209 348 7.793
348 209 7.793
210 447 8.086
447 210 8.086
210 269 5.021
269 210 5.021
210 360 4.256
360 210 4.256
210 469 6.078
469 210 6.078
210 31 8.459
31 210 8.459
210 462 5.549
462 210 5.549
211 293 5.83
293 211 5.83
211 84 3.953
84 211 3.953
211 266 4.977
266 211 4.977
211 348 2.849
348 211 2.849
211 298 5.399
298 211 5.399
211 460 5.593
460 211 5.593
212 414 1.501
414 212 1.501
212 67 5.619
67 212 5.619
212 233 6.075
233 212 6.075
212 286 5.161
286 212 5.161
212 413 3.774
413 212 3.774
212 11 4.564
11 212 4.564
213 418 1.027
418 213 1.027
213 111 6.205
111 213 6.205
213 23 4.813
23 213 4.813
213 358 1.574
358 213 1.574
213 30 9.411
30 213 9.411
213 35 9.875
35 213 9.875
214 241 1.286
241 214 1.286
214 209 2.62
209 214 2.62
214 69 7.892
69 214 7.892
214 373 6.813
373 214 6.813
214 215 4.37
215 214 4.37
214 456 4.442
456 214 4.442
215 445 9.254
445 215 9.254
215 193 4.381
193 215 4.381
215 349 9.677
349 215 9.677
215 447 5.854
447 215 5.854
215 334 8.743
334 215 8.743
215 60 2.606
60 215 2.606
216 275 4.538
275 216 4.538
216 65 7.551
65 216 7.551
216 114 8.513
114 216 8.513
216 387 1.205
387 216 1.205
216 152 5.167
152 216 5.167
216 368 5.9
368 216 5.9
217 272 4.413
272 217 4.413
217 117 3.228
117 217 3.228
217 177 2.396
177 217 2.396
217 96 9.437
96 217 9.437
217 371 7.889
371 217 7.889
217 16 8.285
16 217 8.285
218 214 6.534
214 218 6.534
218 479 8.954
479 218 8.954
218 8 3.166
8 218 3.166
218 34 1.908
34 218 1.908
218 17 5.018
17 218 5.018
218 344 7.33
344 218 7.33
219 24 3.203
24 219 3.203
219 22 4.62
22 219 4.62
219 119 5.858
119 219 5.858
219 386 8.774
386 219 8.774
219 28 2.261
28 219 2.261
219 148 3.107
148 219 3.107
220 469 7.584
469 220 7.584
220 163 6.197
163 220 6.197
220 395 7.053
395 220 7.053
220 164 3.132
164 220 3.132
220 448 2.289
448 220 2.289
220 338 5.691
338 220 5.691
221 211 3.705
211 221 3.705
221 31 6.01
31 221 6.01
221 302 8.917
302 221 8.917
221 466 2.576
466 221 2.576
221 347 4.845
347 221 4.845
221 253 1.422
253 221 1.422
222 176 9.474
176 222 9.474
222 343 4.43
343 222 4.43
222 268 3.869
268 222 3.869
222 213 4.674
213 222 4.674
222 153 4.388
153 222 4.388
222 386 5.841
386 222 5.841
223 123 8.644
123 223 8.644
223 153 8.718
153 223 8.718
223 73 8.252
73 223 8.252
223 468 1.519
468 223 1.519
223 211 9.71
211 223 9.71
223 285 5.77
285 223 5.77
224 198 3.186
198 224 3.186
224 104 3.972
104 224 3.972
224 40 9.3
40 224 9.3
224 433 4.34
433 224 4.34
224 274 7.521
274 224 7.521
224 97 1.464
97 224 1.464
225 193 7.063
193 225 7.063
225 308 1.356
308 225 1.356
225 37 2.693
37 225 2.693
225 389 6.288
389 225 6.288
225 343 6.03
343 225 6.03
225 245 2.88
245 225 2.88
226 464 3.997
464 226 3.997
226 489 9.181
489 226 9.181
226 108 9.434
108 226 9.434
226 492 7.673
492 226 7.673
226 382 9.996
382 226 9.996
226 245 9.23
245 226 9.23
227 356 6.44
356 227 6.44
227 104 4.57
104 227 4.57
227 122 5.969
122 227 5.969
227 397 3.548
397 227 3.548
227 238 5.803
238 227 5.803
227 183 3.776
183 227 3.776
228 184 5.615
184 228 5.615
228 254 5.194
254 228 5.194
228 411 9.832
411 228 9.832
228 240 7.855
240 228 7.855
228 163 9.229
163 228 9.229
228 189 3.816
189 228 3.816
229 23 6.063
23 229 6.063
229 113 7.671
113 229 7.671
229 8 3.347
8 229 3.347
229 478 6.256
478 229 6.256
229 368 4.758
368 229 4.758
229 78 2.766
78 229 2.766
230 117 4.419
117 230 4.419
230 426 3.212
426 230 3.212
230 281 6.891
281 230 6.891
230 350 4.038
350 230 4.038
230 390 8.394
390 230 8.394
230 494 7.512
494 230 7.512
231 378 5.415
378 231 5.415
231 86 7.595
86 231 7.595
231 180 2.523
180 231 2.523
231 368 5.919
368 231 5.919
231 94 9.252
94 231 9.252
231 277 9.913
277 231 9.913
232 490 1.529
490 232 1.529
232 17 8.552
17 232 8.552
232 38 9.507
38 232 9.507
232 342 1.437
342 232 1.437
232 3 4.712
3 232 4.712
232 431 6.676
431 232 6.676
233 34 7.365
34 233 7.365
233 4 2.968
4 233 2.968
233 191 1.544
191 233 1.544
233 326 7.001
326 233 7.001
233 315 9.215
315 233 9.215
234 337 5.391
337 234 5.391
234 3 5.79
3 234 5.79
234 210 1.107
210 234 1.107
234 271 7.5
271 234 7.5
234 274 9.797
274 234 9.797
235 357 7.066
357 235 7.066
235 412 9.457
412 235 9.457
235 91 1.963
91 235 1.963
235 49 5.719
49 235 5.719
235 123 2.727
123 235 2.727
235 269 3.272
269 235 3.272
236 181 3.406
181 236 3.406
236 203 1.711
203 236 1.711
236 491 4.654
491 236 4.654
236 289 3.189
289 236 3.189
236 356 3.033
356 236 3.033
236 350 8.453
350 236 8.453
237 41 6.884
41 237 6.884
237 439 6.849
439 237 6.849
237 16 1.842
16 237 1.842
237 194 4.395
194 237 4.395
237 243 1.505
243 237 1.505
237 4 7.326
4 237 7.326
238 42 5.499
42 238 5.499
238 222 6.804
222 238 6.804
238 169 6.093
169 238 6.093
238 439 9.765
439 238 9.765
238 458 5.753
458 238 5.753
238 21 3.068
21 238 3.068
239 461 8.813
461 239 8.813
239 454 6.101
454 239 6.101
239 138 1.419
138 239 1.419
239 38 7.16
38 239 7.16
239 143 9.094
143 239 9.094
239 288 6.923
288 239 6.923
240 91 9.359
91 240 9.359
240 161 1.141
161 240 1.141
240 106 6.283
106 240 6.283
240 385 8.386
385 240 8.386
240 420 4.585
420 240 4.585
240 39 3.693
39 240 3.693
241 288 3.164
288 241 3.164
241 427 8.645
427 241 8.645
241 346 9.069
346 241 9.069
241 169 4.455
169 241 4.455
241 378 2.26
378 241 2.26
241 352 7.517
352 241 7.517
242 256 7.709
256 242 7.709
242 177 1.483
177 242 1.483
242 223 3.089
223 242 3.089
242 38 4.065
38 242 4.065
242 393 6.525
393 242 6.525
242 304 4.57
304 242 4.57
243 396 3.937
396 243 3.937
243 324 3.46
324 243 3.46
243 230 5.415
230 243 5.415
243 182 5.977
182 243 5.977
243 192 4.887
192 243 4.887
243 348 6.273
348 243 6.273
244 194 7.405
194 244 7.405
244 316 3.658
316 244 3.658
244 126 7.418
126 244 7.418
244 42 3.412
42 244 3.412
244 324 2.388
324 244 2.388
245 199 3.85
199 245 3.85
245 54 1.824
54 245 1.824
245 482 3.774
482 245 3.774
245 184 7.852
184 245 7.852
245 52 2.193
52 245 2.193
245 95 4.879
95 245 4.879
246 285 5.993
285 246 5.993
246 208 1.93
208 246 1.93
246 45 4.185
45 246 4.185
246 47 6.372
47 246 6.372
246 401 3.92
401 246 3.92
246 197 1.111
197 246 1.111
247 211 4.49
211 247 4.49
247 43 7.524
43 247 7.524
247 286 9.147
286 247 9.147
247 124 6.148
124 247 6.148
247 86 2.25
86 247 2.25
248 154 3.416
154 248 3.416
248 74 1.569
74 248 1.569
248 222 3.484
222 248 3.484
248 153 5.358
153 248 5.358
248 39 4.25
39 248 4.25
248 483 3.219
483 248 3.219
249 320 5.462
320 249 5.462
249 315 2.76
315 249 2.76
249 54 2.219
54 249 2.219
249 3 9.539
3 249 9.539
249 170 8.575
170 249 8.575
249 194 8.237
194 249 8.237
250 168 4.962
168 250 4.962
250 220 8.339
220 250 8.339
250 440 6.859
440 250 6.859
250 304 2.225
304 250 2.225
250 164 6.429
164 250 6.429
250 355 2.808
355 250 2.808
251 160 2.599
160 251 2.599
251 203 9.719
203 251 9.719
251 149 7.614
149 251 7.614
251 324 5.419
324 251 5.419
251 294 8.038
294 251 8.038
251 166 4.384
166 251 4.384
252 418 8.073
418 252 8.073
252 186 2.025
186 252 2.025
252 288 2.798
288 252 2.798
252 279 2.619
279 252 2.619
252 393 5.951
393 252 5.951
252 487 7.545
487 252 7.545
253 482 7.375
482 253 7.375
253 224 8.179
224 253 8.179
253 425 7.236
425 253 7.236
253 419 8.63
419 253 8.63
253 407 4.682
407 253 4.682
253 255 2.253
255 253 2.253
254 155 3.178
155 254 3.178
254 337 2.387
337 254 2.387
254 216 8.102
216 254 8.102
254 37 5.042
37 254 5.042
254 306 5.313
306 254 5.313
254 205 5.809
205 254 5.809
255 472 9.284
472 255 9.284
255 354 4.765
354 255 4.765
255 18 8.116
18 255 8.116
255 184 7.315
184 255 7.315
255 415 5.832
415 255 5.832
255 326 9.23
326 255 9.23
256 55 7.921
55 256 7.921
256 336 6.982
336 256 6.982
256 85 6.823
85 256 6.823
256 22 6.069
22 256 6.069
256 330 7.097
330 256 7.097
256 204 9.701
204 256 9.701
257 169 9.691
169 257 9.691
257 220 1.954
220 257 1.954
257 50 3.329
50 257 3.329
257 261 7.722
261 257 7.722
257 285 6.225
285 257 6.225
257 294 2.989
294 257 2.989
258 191 4.52
191 258 4.52
258 395 7.116
395 258 7.116
258 353 5.504
353 258 5.504
258 176 9.979
176 258 9.979
258 247 1.941
247 258 1.941
258 212 9.285
212 258 9.285
259 43 2.045
43 259 2.045
259 481 7.571
481 259 7.571
259 178 3.807
178 259 3.807
259 233 8.058
233 259 8.058
259 266 5.346
266 259 5.346
259 243 1.879
243 259 1.879
260 369 7.271
369 260 7.271
260 163 1.605
163 260 1.605
260 22 8.292
22 260 8.292
260 58 1.203
58 260 1.203
260 175 6.832
175 260 6.832
260 346 8.2
346 260 8.2
261 476 9.855
476 261 9.855
261 124 5.644
124 261 5.644
261 282 2.441
282 261 2.441
261 286 4.837
286 261 4.837
261 236 3.087
236 261 3.087
261 207 6.668
207 261 6.668
262 95 6.764
95 262 6.764
262 221 4.56
221 262 4.56
262 377 6.527
377 262 6.527
262 101 5.046
101 262 5.046
262 219 4.5
219 262 4.5
262 360 2.933
360 262 2.933
263 142 7.771
142 263 7.771
263 414 8.164
414 263 8.164
263 295 1.916
295 263 1.916
263 446 5.832
446 263 5.832
263 187 3.934
187 263 3.934
263 234 2.026
234 263 2.026
264 343 8.764
343 264 8.764
264 270 9.693
270 264 9.693
264 160 6.373
160 264 6.373
264 312 4.533
312 264 4.533
264 58 4.131
58 264 4.131
264 432 5.121
432 264 5.121
265 88 8.324
88 265 8.324
265 361 8.206
361 265 8.206
265 470 6.53
470 265 6.53
265 43 7.049
43 265 7.049
265 160 2.061
160 265 2.061
265 156 2.053
156 265 2.053
266 191 7.241
191 266 7.241
266 261 4.496
261 266 4.496
266 305 4.718
305 266 4.718
266 196 4.807
196 266 4.807
266 249 6.72
249 266 6.72
266 355 9.272
355 266 9.272
267 476 9.999
476 267 9.999
267 284 2.502
284 267 2.502
267 147 2.263
147 267 2.263
267 161 8.578
161 267 8.578
267 317 1.483
317 267 1.483
267 183 9.567
183 267 9.567
268 248 2.229
248 268 2.229
268 417 4.455
417 268 4.455
268 287 5.549
287 268 5.549
268 253 4.682
253 268 4.682
268 251 4.741
251 268 4.741
268 430 4.995
430 268 4.995
269 85 1.744
85 269 1.744
269 15 8.163
15 269 8.163
269 112 3.629
112 269 3.629
269 140 3.024
140 269 3.024
269 147 2.514
147 269 2.514
269 234 6.091
234 269 6.091
270 395 7.893
395 270 7.893
270 281 5.597
281 270 5.597
270 293 2.028
293 270 2.028
270 396 5.888
396 270 5.888
270 187 5.878
187 270 5.878
270 387 1.374
387 270 1.374
271 368 4.972
368 271 4.972
271 111 9.908
111 271 9.908
271 52 7.624
52 271 7.624
271 334 7.762
334 271 7.762
271 152 8.873
152 271 8.873
271 16 5.048
16 271 5.048
272 178 8.76
178 272 8.76
272 44 4.952
44 272 4.952
272 60 7.981
60 272 7.981
272 121 2.889
121 272 2.889
272 377 6.291
377 272 6.291
272 179 8.749
179 272 8.749
273 312 6.695
312 273 6.695
273 84 6.545
84 273 6.545
273 401 2.86
401 273 2.86
273 105 8.249
105 273 8.249
273 291 4.157
291 273 4.157
273 143 6.372
143 273 6.372
274 86 3.913
86 274 3.913
274 360 3.634
360 274 3.634
274 293 3.941
293 274 3.941
274 439 5.63
439 274 5.63
274 460 7.114
460 274 7.114
274 48 2.22
48 274 2.22
275 384 8.071
384 275 8.071
275 470 1.534
470 275 1.534
275 141 8.803
141 275 8.803
275 64 7.313
64 275 7.313
275 67 3.247
67 275 3.247
275 364 3.899
364 275 3.899
276 126 7.853
126 276 7.853
276 346 4.534
346 276 4.534
276 72 6.197
72 276 6.197
276 137 6.65
137 276 6.65
276 192 5.068
192 276 5.068
276 324 8.151
324 276 8.151
277 393 1.838
393 277 1.838
277 263 7.748
263 277 7.748
277 355 9.427
355 277 9.427
277 188 5.092
188 277 5.092
277 249 3.946
249 277 3.946
277 1 8.82
1 277 8.82
278 433 7.595
433 278 7.595
278 374 9.749
374 278 9.749
278 325 6.977
325 278 6.977
278 183 8.651
183 278 8.651
278 407 5.81
407 278 5.81
278 111 9.713
111 278 9.713
279 422 2.907
422 279 2.907
279 137 3.906
137 279 3.906
279 145 4.04
145 279 4.04
279 295 2.175
295 279 2.175
279 436 5.368
436 279 5.368
279 175 9.047
175 279 9.047
280 390 1.436
390 280 1.436
280 50 6.636
50 280 6.636
280 428 5.136
428 280 5.136
280 63 9.365
63 280 9.365
280 80 4.972
80 280 4.972
280 0 9.927
0 280 9.927
281 219 2.821
219 281 2.821
281 352 9.185
352 281 9.185
281 451 6.85
451 281 6.85
281 81 8.87
81 281 8.87
281 448 3.466
448 281 3.466
281 335 4.244
335 281 4.244
282 42 4.347
42 282 4.347
282 462 6.84
462 282 6.84
282 26 4.567
26 282 4.567
282 156 7.534
156 282 7.534
282 386 3.107
386 282 3.107
282 335 1.821
335 282 1.821
283 48 1.01
48 283 1.01
283 244 1.701
244 283 1.701
283 303 3.036
303 283 3.036
283 348 5.006
348 283 5.006
283 4 7.26
4 283 7.26
283 418 2.085
418 283 2.085
284 440 4.801
440 284 4.801
284 67 5.299
67 284 5.299
284 117 4.448
117 284 4.448
284 374 8.254
374 284 8.254
284 52 3.82
52 284 3.82
284 451 3.693
451 284 3.693
285 195 7.961
195 285 7.961
285 385 8.87
385 285 8.87
285 328 9.936
328 285 9.936
285 73 1.616
73 285 1.616
285 288 1.076
288 285 1.076
285 332 2.477
332 285 2.477
286 179 7.502
179 286 7.502
286 321 7.734
321 286 7.734
286 470 6.017
470 286 6.017
286 351 4.981
351 286 4.981
286 111 1.78
111 286 1.78
286 51 2.26
51 286 2.26
287 63 6.306
63 287 6.306
287 196 4.164
196 287 4.164
287 219 3.831
219 287 3.831
287 71 3.23
71 287 3.23
287 330 1.758
330 287 1.758
287 283 6.409
283 287 6.409
288 369 6.468
369 288 6.468
288 398 9.472
398 288 9.472
288 13 8.631
13 288 8.631
288 337 8.882
337 288 8.882
288 105 5.66
105 288 5.66
288 260 2.698
260 288 2.698
289 200 3.66
200 289 3.66
289 27 8.054
27 289 8.054
289 406 9.592
406 289 9.592
289 253 4.473
253 289 4.473
289 123 5.496
123 289 5.496
289 304 1.639
304 289 1.639
290 455 9.799
455 290 9.799
290 184 9.405
184 290 9.405
290 67 4.482
67 290 4.482
290 429 6.115
429 290 6.115
290 187 5.917
187 290 5.917
290 88 7.865
88 290 7.865
291 488 9.886
488 291 9.886
291 37 1.15
37 291 1.15
291 34 1.124
34 291 1.124
291 110 1.358
110 291 1.358
291 30 9.538
30 291 9.538
291 203 5.559
203 291 5.559
292 321 7.414
321 292 7.414
292 392 4.739
392 292 4.739
292 359 4.62
359 292 4.62
292 327 5.829
327 292 5.829
292 315 2.374
315 292 2.374
292 42 3.789
42 292 3.789
293 261 9.288
261 293 9.288
293 498 8.273
498 293 8.273
293 300 6.709
300 293 6.709
293 427 6.849
427 293 6.849
293 329 1.595
329 293 1.595
294 357 4.937
357 294 4.937
294 488 8.618
488 294 8.618
294 29 3.2
29 294 3.2
294 473 4.91
473 294 4.91
294 232 6.511
232 294 6.511
294 28 3.784
28 294 3.784
295 379 6.922
379 295 6.922
295 89 2.075
89 295 2.075
295 362 2.235
362 295 2.235
295 5 2.474
5 295 2.474
295 487 4.12
487 295 4.12
295 264 8.047
264 295 8.047
296 369 3.333
369 296 3.333
296 399 8.861
399 296 8.861
296 375 8.978
375 296 8.978
296 394 9.099
394 296 9.099
296 171 8.264
171 296 8.264
297 139 5.715
139 297 5.715
297 134 7.411
134 297 7.411
297 295 6.648
295 297 6.648
297 254 5.097
254 297 5.097
297 184 1.499
184 297 1.499
297 439 6.102
439 297 6.102
298 188 2.416
188 298 2.416
298 395 1.926
395 298 1.926
298 293 7.067
293 298 7.067
298 59 3.056
59 298 3.056
298 260 1.023
260 298 1.023
298 439 8.766
439 298 8.766
299 125 1.414
125 299 1.414
299 186 4.447
186 299 4.447
299 76 2.611
76 299 2.611
299 491 8.717
491 299 8.717
299 283 8.228
283 299 8.228
299 365 7.666
365 299 7.666
300 214 3.021
214 300 3.021
300 127 4.746
127 300 4.746
300 368 3.879
368 300 3.879
300 422 1.701
422 300 1.701
300 190 2.075
190 300 2.075
300 344 9.117
344 300 9.117
301 91 3.009
91 301 3.009
301 264 9.833
264 301 9.833
301 488 4.608
488 301 4.608
301 449 5.186
449 301 5.186
301 144 7.962
144 301 7.962
301 159 3.946
159 301 3.946
302 283 5.111
283 302 5.111
302 188 2.806
188 302 2.806
302 288 8.061
288 302 8.061
302 378 6.604
378 302 6.604
302 237 4.314
237 302 4.314
302 497 5.44
497 302 5.44
303 395 7.983
395 303 7.983
303 375 9.104
375 303 9.104
303 389 8.164
389 303 8.164
303 77 1.057
77 303 1.057
303 209 1.215
209 303 1.215
303 277 4.118
277 303 4.118
304 429 7.241
429 304 7.241
304 4 9.559
4 304 9.559
304 0 7.83
0 304 7.83
304 192 8.641
192 304 8.641
304 372 9.952
372 304 9.952
304 105 5.768
105 304 5.768
305 121 4.778
121 305 4.778
305 492 1.539
492 305 1.539
305 72 7.405
72 305 7.405
305 47 1.395
47 305 1.395
305 118 9.076
118 305 9.076
306 458 4.352
458 306 4.352
306 498 7.731
498 306 7.731
306 297 1.86
297 306 1.86
306 68 6.735
68 306 6.735
306 201 1.673
201 306 1.673
306 290 1.561
290 306 1.561
307 339 9.678
339 307 9.678
307 121 3.625
121 307 3.625
307 435 3.835
435 307 3.835
307 410 4.537
410 307 4.537
307 425 7.618
425 307 7.618
307 162 5.075
162 307 5.075
308 119 1.672
119 308 1.672
308 103 2.225
103 308 2.225
308 394 6.262
394 308 6.262
308 79 1.951
79 308 1.951
308 230 5.194
230 308 5.194
308 208 2.087
208 308 2.087
309 183 9.682
183 309 9.682
309 106 5.067
106 309 5.067
309 237 3.385
237 309 3.385
309 61 1.814
61 309 1.814
309 413 7.174
413 309 7.174
309 423 7.342
423 309 7.342
310 308 1.363
308 310 1.363
310 427 8.709
427 310 8.709
310 75 1.821
75 310 1.821
310 202 5.621
202 310 5.621
310 346 3.69
346 310 3.69
311 419 9.916
419 311 9.916
311 15 9.569
15 311 9.569
311 437 5.07
437 311 5.07
311 383 5.951
383 311 5.951
311 48 5.158
48 311 5.158
311 411 8.144
411 311 8.144
312 62 1.108
62 312 1.108
312 425 8.029
425 312 8.029
312 113 2.176
113 312 2.176
312 421 4.605
421 312 4.605
312 351 6.673
351 312 6.673
312 330 1.756
330 312 1.756
313 300 3.329
300 313 3.329
313 416 1.675
416 313 1.675
313 33 2.78
33 313 2.78
313 330 4.991
330 313 4.991
313 65 1.828
65 313 1.828
313 433 8.464
433 313 8.464
314 169 2.103
169 314 2.103
314 482 5.149
482 314 5.149
314 86 9.317
86 314 9.317
314 221 8.395
221 314 8.395
314 202 5.465
202 314 5.465
314 195 7.149
195 314 7.149
315 88 4.185
88 315 4.185
315 465 2.684
465 315 2.684
315 143 5.014
143 315 5.014
315 76 1.312
76 315 1.312
315 317 6.553
317 315 6.553
315 331 3.656
331 315 3.656
316 210 8.945
210 316 8.945
316 245 1.549
245 316 1.549
316 143 4.447
143 316 4.447
316 214 2.795
214 316 2.795
316 452 8.175
452 316 8.175
317 410 5.893
410 317 5.893
317 9 9.905
9 317 9.905
317 400 7.42
400 317 7.42
317 245 5.901
245 317 5.901
317 248 4.096
248 317 4.096
317 289 5.522
289 317 5.522
318 198 3.434
198 318 3.434
318 13 3.87
13 318 3.87
318 112 1.264
112 318 1.264
318 415 8.007
415 318 8.007
318 29 8.278
29 318 8.278
318 241 5.765
241 318 5.765
319 392 6.256
392 319 6.256
319 119 9.766
119 319 9.766
319 51 3.231
51 319 3.231
319 123 3.399
123 319 3.399
319 417 8.121
417 319 8.121
319 377 1.503
377 319 1.503
320 485 2.975
485 320 2.975
320 433 9.844
433 320 9.844
320 198 4.193
198 320 4.193
320 429 9.924
429 320 9.924
320 88 2.585
88 320 2.585
320 303 3.862
303 320 3.862
321 377 7.279
377 321 7.279
321 467 6.324
467 321 6.324
321 360 7.305
360 321 7.305
321 485 6.109
485 321 6.109
321 72 6.068
72 321 6.068
321 96 8.53
96 321 8.53
322 414 8.935
414 322 8.935
322 252 5.879
252 322 5.879
322 89 5.414
89 322 5.414
322 46 1.506
46 322 1.506
322 308 2.969
308 322 2.969
322 269 5.302
269 322 5.302
323 169 9.261
169 323 9.261
323 103 8.258
103 323 8.258
323 174 7.452
174 323 7.452
323 470 8.222
470 323 8.222
323 444 3.912
444 323 3.912
323 11 2.329
11 323 2.329
324 360 9.477
360 324 9.477
324 396 1.998
396 324 1.998
324 269 8.746
269 324 8.746
324 491 1.653
491 324 1.653
324 202 6.274
202 324 6.274
325 172 3.716
172 325 3.716
325 69 9.783
69 325 9.783
325 374 9.538
374 325 9.538
325 405 6.753
405 325 6.753
325 249 6.843
249 325 6.843
325 89 7.365
89 325 7.365
326 287 7.242
287 326 7.242
326 475 6.523
475 326 6.523
326 182 3.009
182 326 3.009
326 301 8.33
301 326 8.33
326 193 3.761
193 326 3.761
326 352 3.651
352 326 3.651
327 90 7.559
90 327 7.559
327 485 7.318
485 327 7.318
327 293 4.524
293 327 4.524
327 394 9.687
394 327 9.687
327 16 2.639
16 327 2.639
327 162 9.289
162 327 9.289
328 495 6.502
495 328 6.502
328 327 6.09
327 328 6.09
328 479 5.466
479 328 5.466
328 169 7.708
169 328 7.708
328 121 4.121
121 328 4.121
328 163 2.511
163 328 2.511
329 453 9.668
453 329 9.668
329 420 7.381
420 329 7.381
329 327 7.564
327 329 7.564
329 171 5.02
171 329 5.02
329 354 1.61
354 329 1.61
330 131 8.083
131 330 8.083
330 368 1.012
368 330 1.012
330 197 4.944
197 330 4.944
330 214 9.722
214 330 9.722
330 452 4.726
452 330 4.726
330 451 4.408
451 330 4.408
331 279 4.378
279 331 4.378
331 424 5.315
424 331 5.315
331 442 6.202
442 331 6.202
331 388 7.184
388 331 7.184
331 83 5.062
83 331 5.062
331 409 8.612
409 331 8.612
332 150 1.181
150 332 1.181
332 133 9.565
133 332 9.565
332 37 4.076
37 332 4.076
332 454 4.379
454 332 4.379
332 374 1.675
374 332 1.675
332 482 9.083
482 332 9.083
333 47 4.042
47 333 4.042
333 314 9.039
314 333 9.039
333 360 1.279
360 333 1.279
333 482 6.883
482 333 6.883
333 310 9.008
310 333 9.008
333 80 1.482
80 333 1.482
334 169 2.85
169 334 2.85
334 97 4.684
97 334 4.684
334 283 7.498
283 334 7.498
334 373 5.861
373 334 5.861
334 338 3.534
338 334 3.534
334 121 1.863
121 334 1.863
335 201 6.146
201 335 6.146
335 430 5.419
430 335 5.419
335 27 4.247
27 335 4.247
335 218 1.789
218 335 1.789
335 421 6.958
421 335 6.958
335 307 5.323
307 335 5.323
336 49 1.232
49 336 1.232
336 87 6.744
87 336 6.744
336 41 5.262
41 336 5.262
336 59 3.775
59 336 3.775
336 203 5.239
203 336 5.239
336 458 6.949
458 336 6.949
337 46 6.777
46 337 6.777
337 198 2.664
198 337 2.664
337 453 4.433
453 337 4.433
337 95 5.012
95 337 5.012
337 134 3.036
134 337 3.036
338 137 6.078
137 338 6.078
338 77 7.77
77 338 7.77
338 341 1.87
341 338 1.87
338 342 4.094
342 338 4.094
338 277 4.726
277 338 4.726
338 387 6.308
387 338 6.308
339 283 1.549
283 339 1.549
339 198 8.366
198 339 8.366
339 214 9.691
214 339 9.691
339 351 8.802
351 339 8.802
339 243 6.154
243 339 6.154
339 120 5.286
120 339 5.286
340 40 4.553
40 340 4.553
340 437 7.429
437 340 7.429
340 257 6.141
257 340 6.141
340 264 8.204
264 340 8.204
340 346 9.845
346 340 9.845
340 75 2.083
75 340 2.083
341 387 5.041
387 341 5.041
341 485 9.859
485 341 9.859
341 497 2.907
497 341 2.907
341 98 2.136
98 341 2.136
341 216 1.705
216 341 1.705
341 349 4.919
349 341 4.919
342 421 6.645
421 342 6.645
342 427 6.355
427 342 6.355
342 163 9.197
163 342 9.197
342 468 8.266
468 342 8.266
342 44 4.493
44 342 4.493
342 203 5.968
203 342 5.968
343 438 3.486
438 343 3.486
343 234 9.254
234 343 9.254
343 6 8.079
6 343 8.079
343 319 6.288
319 343 6.288
343 400 4.776
400 343 4.776
343 212 2.347
212 343 2.347
344 290 6.291
290 344 6.291
344 388 9.683
388 344 9.683
344 51 9.324
51 344 9.324
344 288 8.016
288 344 8.016
344 402 3.575
402 344 3.575
344 274 8.921
274 344 8.921
345 449 4.698
449 345 4.698
345 196 6.893
196 345 6.893
345 292 6.481
292 345 6.481
345 19 2.55
19 345 2.55
345 206 2.295
206 345 2.295
345 311 7.127
311 345 7.127
346 205 1.349
205 346 1.349
346 455 8.911
455 346 8.911
346 353 2.861
353 346 2.861
346 381 5.277
381 346 5.277
346 137 9.073
137 346 9.073
346 10 4.041
10 346 4.041
347 406 3.727
406 347 3.727
347 143 8.586
143 347 8.586
347 439 7.266
439 347 7.266
347 50 9.752
50 347 9.752
347 116 2.209
116 347 2.209
347 498 7.694
498 347 7.694
348 396 8.432
396 348 8.432
348 137 7.559
137 348 7.559
348 309 6.81
309 348 6.81
348 96 4.975
96 348 4.975
348 467 8.416
467 348 8.416
348 379 5.36
379 348 5.36
349 264 8.805
264 349 8.805
349 420 1.506
420 349 1.506
349 405 1.67
405 349 1.67
349 159 7.386
159 349 7.386
349 206 2.221
206 349 2.221
349 435 5.719
435 349 5.719
350 291 1.261
291 350 1.261
350 98 8.877
98 350 8.877
350 102 8.533
102 350 8.533
350 127 1.298
127 350 1.298
350 25 9.262
25 350 9.262
350 360 2.792
360 350 2.792
351 188 8.412
188 351 8.412
351 258 4.572
258 351 4.572
351 472 2.115
472 351 2.115
351 15 3.177
15 351 3.177
351 250 6.346
250 351 6.346
351 90 9.645
90 351 9.645
352 242 6.282
242 352 6.282
352 428 9.05
428 352 9.05
352 383 8.478
383 352 8.478
352 46 3.566
46 352 3.566
352 197 1.447
197 352 1.447
353 437 6.15
437 353 6.15
353 494 2.929
494 353 2.929
353 113 6.826
113 353 6.826
353 333 4.686
333 353 4.686
353 10 8.782
10 353 8.782
354 495 7.908
495 354 7.908
354 4 5.267
4 354 5.267
354 67 6.826
67 354 6.826
354 307 8.208
307 354 8.208
354 114 3.272
114 354 3.272
354 412 9.487
412 354 9.487
355 364 9.703
364 355 9.703
355 329 3.478
329 355 3.478
355 458 4.388
458 355 4.388
355 178 5.131
178 355 5.131
355 111 5.2
111 355 5.2
355 346 5.686
346 355 5.686
356 319 4.574
319 356 4.574
356 52 1.066
52 356 1.066
356 339 9.698
339 356 9.698
356 429 4.368
429 356 4.368
356 331 6.344
331 356 6.344
356 144 3.686
144 356 3.686
357 55 5.336
55 357 5.336
357 172 9.895
172 357 9.895
357 327 3.926
327 357 3.926
357 141 3.35
141 357 3.35
357 364 9.57
364 357 9.57
357 333 3.689
333 357 3.689
358 76 5.656
76 358 5.656
358 123 9.097
123 358 9.097
358 412 8.716
412 358 8.716
358 414 6.4
414 358 6.4
358 338 3.876
338 358 3.876
358 71 7.492
71 358 7.492
359 335 5.476
335 359 5.476
359 151 3.335
151 359 3.335
359 214 4.641
214 359 4.641
359 377 1.318
377 359 1.318
359 362 9.953
362 359 9.953
359 417 2.709
417 359 2.709
360 371 7.42
371 360 7.42
360 351 5.812
351 360 5.812
360 401 5.282
401 360 5.282
360 481 7.047
481 360 7.047
360 259 3.702
259 360 3.702
360 87 8.566
87 360 8.566
361 448 6.024
448 361 6.024
361 150 1.878
150 361 1.878
361 65 7.668
65 361 7.668
361 371 8.275
371 361 8.275
361 390 9.214
390 361 9.214
361 484 7.117
484 361 7.117
362 171 6.89
171 362 6.89
362 113 4.198
113 362 4.198
362 381 8.843
381 362 8.843
362 215 8.093
215 362 8.093
362 169 4.345
169 362 4.345
362 299 3.646
299 362 3.646
363 435 2.06
435 363 2.06
363 27 8.798
27 363 8.798
363 298 6.223
298 363 6.223
363 317 1.641
317 363 1.641
363 455 2.751
455 363 2.751
363 61 8.807
61 363 8.807
364 195 5.769
195 364 5.769
364 211 1.487
211 364 1.487
364 437 2.357
437 364 2.357
364 102 4.084
102 364 4.084
364 291 9.036
291 364 9.036
364 234 2.289
234 364 2.289
365 441 7.441
441 365 7.441
365 398 1.727
398 365 1.727
365 170 6.679
170 365 6.679
365 90 3.821
90 365 3.821
365 29 1.042
29 365 1.042
365 140 2.884
140 365 2.884
366 396 2.517
396 366 2.517
366 391 2.426
391 366 2.426
366 402 7.872
402 366 7.872
366 45 2.165
45 366 2.165
366 222 6.701
222 366 6.701
366 206 4.861
206 366 4.861
367 244 4.45
244 367 4.45
367 19 5.804
19 367 5.804
367 374 4.358
374 367 4.358
367 7 9.028
7 367 9.028
367 387 8.499
387 367 8.499
367 97 1.161
97 367 1.161
368 2 6.64
2 368 6.64
368 127 3.036
127 368 3.036
368 449 4.099
449 368 4.099
368 66 1.924
66 368 1.924
368 257 6.298
257 368 6.298
368 85 1.588
85 368 1.588
369 23 3.684
23 369 3.684
369 148 5.103
148 369 5.103
369 266 6.367
266 369 6.367
369 172 4.903
172 369 4.903
369 351 9.959
351 369 9.959
369 175 9.965
175 369 9.965
370 250 4.233
250 370 4.233
370 96 2.484
96 370 2.484
370 464 9.264
464 370 9.264
370 206 1.172
206 370 1.172
370 114 7.545
114 370 7.545
370 67 2.901
67 370 2.901
371 11 6.307
11 371 6.307
371 86 2.108
86 371 2.108
371 364 6.855
364 371 6.855
371 19 4.377
19 371 4.377
371 327 3.302
327 371 3.302
371 273 6.608
273 371 6.608
372 338 1.973
338 372 1.973
372 428 1.178
428 372 1.178
372 353 2.042
353 372 2.042
372 227 4.422
227 372 4.422
372 280 3.275
280 372 3.275
373 359 2.378
359 373 2.378
373 355 7.172
355 373 7.172
373 4 3.71
4 373 3.71
373 338 1.909
338 373 1.909
373 266 3.43
266 373 3.43
373 310 7.307
310 373 7.307
374 214 8.476
214 374 8.476
374 53 5.604
53 374 5.604
374 316 2.06
316 374 2.06
374 58 8.063
58 374 8.063
374 254 2.788
254 374 2.788
375 425 5.708
425 375 5.708
375 103 4.221
103 375 4.221
375 209 3.658
209 375 3.658
375 20 5.933
20 375 5.933
375 466 2.869
466 375 2.869
375 477 5.326
477 375 5.326
376 120 1.025
120 376 1.025
376 343 1.801
343 376 1.801
376 56 8.517
56 376 8.517
376 342 5.447
342 376 5.447
376 486 1.811
486 376 1.811
376 261 1.675
261 376 1.675
377 370 1.912
370 377 1.912
377 131 6.799
131 377 6.799
377 233 9.898
233 377 9.898
377 151 3.377
151 377 3.377
377 25 1.898
25 377 1.898
377 89 8.867
89 377 8.867
378 436 2.246
436 378 2.246
378 410 7.091
410 378 7.091
378 218 7.647
218 378 7.647
378 48 8.661
48 378 8.661
378 455 1.413
455 378 1.413
379 331 2.535
331 379 2.535
379 183 9.051
183 379 9.051
379 489 6.596
489 379 6.596
379 449 7.598
449 379 7.598
379 190 8.335
190 379 8.335
379 93 2.024
93 379 2.024
380 204 9.661
204 380 9.661
380 139 8.521
139 380 8.521
380 353 8.656
353 380 8.656
380 409 4.796
409 380 4.796
380 453 8.172
453 380 8.172
380 57 2.193
57 380 2.193
381 371 1.528
371 381 1.528
381 482 8.599
482 381 8.599
381 53 4.744
53 381 4.744
381 302 5.344
302 381 5.344
381 291 7.106
291 381 7.106
381 92 6.502
92 381 6.502
382 398 4.227
398 382 4.227
382 14 8.763
14 382 8.763
382 450 8.547
450 382 8.547
382 498 9.026
498 382 9.026
382 247 9.284
247 382 9.284
382 57 8.988
57 382 8.988
383 225 1.414
225 383 1.414
383 133 6.895
133 383 6.895
383 6 7.341
6 383 7.341
383 347 5.723
347 383 5.723
383 380 6.19
380 383 6.19
383 289 3.016
289 383 3.016
384 489 7.029
489 384 7.029
384 173 5.672
173 384 5.672
384 352 7.305
352 384 7.305
384 48 4.896
48 384 4.896
384 372 3.237
372 384 3.237
384 177 6.973
177 384 6.973
385 328 4.464
328 385 4.464
385 429 8.438
429 385 8.438
385 456 9.89
456 385 9.89
385 27 1.105
27 385 1.105
385 478 2.412
478 385 2.412
385 434 5.224
434 385 5.224
386 253 8.825
253 386 8.825
386 38 7.763
38 386 7.763
386 164 3.168
164 386 3.168
386 496 3.503
496 386 3.503
386 259 3.004
259 386 3.004
386 329 4.408
329 386 4.408
387 418 3.115
418 387 3.115
387 235 4.998
235 387 4.998
387 293 5.033
293 387 5.033
387 438 5.486
438 387 5.486
387 161 2.068
161 387 2.068
387 254 7.707
254 387 7.707
388 9 1.924
9 388 1.924
388 211 1.322
211 388 1.322
388 281 1.002
281 388 1.002
388 46 8.126
46 388 8.126
388 493 6.572
493 388 6.572
388 155 9.011
155 388 9.011
389 287 2.862
287 389 2.862
389 343 5.106
343 389 5.106
389 174 4.27
174 389 4.27
389 27 8.349
27 389 8.349
389 432 5.09
432 389 5.09
389 286 7.907
286 389 7.907
390 307 5.258
307 390 5.258
390 336 4.27
336 390 4.27
390 231 2.026
231 390 2.026
390 388 6.93
388 390 6.93
390 1 4.072
1 390 4.072
390 424 6.703
424 390 6.703
391 409 3.628
409 391 3.628
391 267 4.365
267 391 4.365
391 54 1.412
54 391 1.412
391 84 5.432
84 391 5.432
391 420 7.452
420 391 7.452
391 369 4.683
369 391 4.683
392 130 6.498
130 392 6.498
392 96 2.087
96 392 2.087
392 436 4.536
436 392 4.536
392 234 8.421
234 392 8.421
392 97 7.451
97 392 7.451
392 55 7.814
55 392 7.814
393 23 9.34
23 393 9.34
393 428 7.049
428 393 7.049
393 63 7.949
63 393 7.949
393 230 5.116
230 393 5.116
393 301 9.606
301 393 9.606
393 68 9.675
68 393 9.675
394 2 5.773
2 394 5.773
394 24 5.979
24 394 5.979
394 221 8.549
221 394 8.549
394 247 9.319
247 394 9.319
394 399 9.29
399 394 9.29
394 90 7.226
90 394 7.226
395 88 7.574
88 395 7.574
395 65 1.932
65 395 1.932
395 336 6.405
336 395 6.405
395 451 4.462
451 395 4.462
395 311 9.243
311 395 9.243
396 390 3.234
390 396 3.234
396 203 9.672
203 396 9.672
396 496 3.648
496 396 3.648
396 412 2.2
412 396 2.2
396 211 6.423
211 396 6.423
396 453 7.736
453 396 7.736
397 153 8.588
153 397 8.588
397 280 8.746
280 397 8.746
397 364 7.631
364 397 7.631
397 283 6.693
283 397 6.693
397 102 2.887
102 397 2.887
397 365 3.615
365 397 3.615
398 176 9.291
176 398 9.291
398 67 9.832
67 398 9.832
398 332 9.777
332 398 9.777
398 91 5.535
91 398 5.535
398 355 6.732
355 398 6.732
398 363 2.039
363 398 2.039
399 180 6.061
180 399 6.061
399 298 6.136
298 399 6.136
399 341 7.391
341 399 7.391
399 345 7.731
345 399 7.731
399 430 5.805
430 399 5.805
399 449 8.626
449 399 8.626
400 413 1.115
413 400 1.115
400 54 1.227
54 400 1.227
400 74 1.478
74 400 1.478
400 28 2.799
28 400 2.799
400 384 8.07
384 400 8.07
400 146 7.151
146 400 7.151
401 74 8.554
74 401 8.554
401 353 8.059
353 401 8.059
401 104 7.782
104 401 7.782
401 16 4.228
16 401 4.228
401 231 1.922
231 401 1.922
401 444 7.08
444 401 7.08
402 287 8.784
287 402 8.784
402 380 6.824
380 402 6.824
402 199 3.138
199 402 3.138
402 401 8.172
401 402 8.172
402 356 3.589
356 402 3.589
402 340 1.423
340 402 1.423
403 195 4.488
195 403 4.488
403 489 8.093
489 403 8.093
403 350 3.814
350 403 3.814
403 282 1.484
282 403 1.484
403 380 3.262
380 403 3.262
403 317 8.82
317 403 8.82
404 440 8.831
440 404 8.831
404 424 3.03
424 404 3.03
404 324 7.342
324 404 7.342
404 331 4.31
331 404 4.31
404 301 5.92
301 404 5.92
404 308 2.768
308 404 2.768
405 371 9.679
371 405 9.679
405 150 5.039
150 405 5.039
405 492 2.564
492 405 2.564
405 263 2.074
263 405 2.074
405 20 4.857
20 405 4.857
406 284 3.378
284 406 3.378
406 82 6.256
82 406 6.256
406 130 1.051
130 406 1.051
406 238 7.387
238 406 7.387
406 79 1.359
79 406 1.359
406 475 3.904
475 406 3.904
407 26 7.963
26 407 7.963
407 320 6.54
320 407 6.54
407 338 3.71
338 407 3.71
407 404 6.154
404 407 6.154
407 183 1.656
183 407 1.656
407 362 3.861
362 407 3.861
408 112 9.613
112 408 9.613
408 266 1.614
266 408 1.614
408 258 2.434
258 408 2.434
408 278 5.833
278 408 5.833
408 47 4.145
47 408 4.145
408 452 2.92
452 408 2.92
409 169 3.98
169 409 3.98
409 150 2.966
150 409 2.966
409 385 6.565
385 409 6.565
409 243 9.97
243 409 9.97
409 421 7.769
421 409 7.769
409 332 1.079
332 409 1.079
410 342 4.114
342 410 4.114
410 123 9.14
123 410 9.14
410 314 9.267
314 410 9.267
410 124 9.63
124 410 9.63
410 349 8.971
349 410 8.971
410 195 9.243
195 410 9.243
411 483 2.02
483 411 2.02
411 131 5.862
131 411 5.862
411 144 1.222
144 411 1.222
411 264 8.399
264 411 8.399
411 191 5.629
191 411 5.629
411 260 5.01
260 411 5.01
412 22 3.668
22 412 3.668
412 333 2.733
333 412 2.733
412 263 1.741
263 412 1.741
412 49 2.507
49 412 2.507
412 489 7.96
489 412 7.96
412 273 1.066
273 412 1.066
413 33 2.897
33 413 2.897
413 322 7.962
322 413 7.962
413 442 7.169
442 413 7.169
413 427 1.935
427 413 1.935
413 275 8.459
275 413 8.459
413 449 9.786
449 413 9.786
414 396 4.917
396 414 4.917
414 418 9.458
418 414 9.458
414 382 7.174
382 414 7.174
414 12 5.133
12 414 5.133
414 37 1.488
37 414 1.488
415 406 3.267
406 415 3.267
415 36 6.175
36 415 6.175
415 116 9.199
116 415 9.199
415 208 4.492
208 415 4.492
415 322 4.64
322 415 4.64
415 161 1.152
161 415 1.152
416 344 2.065
344 416 2.065
416 3 6.773
3 416 6.773
416 316 1.569
316 416 1.569
416 381 6.27
381 416 6.27
416 358 8.634
358 416 8.634
416 183 9.352
183 416 9.352
417 54 3.609
54 417 3.609
417 351 3.712
351 417 3.712
417 44 3.534
44 417 3.534
417 474 4.939
474 417 4.939
417 202 8.399
202 417 8.399
417 15 5.266
15 417 5.266
418 273 2.979
273 418 2.979
418 382 4.519
382 418 4.519
418 408 8.645
408 418 8.645
418 73 3.683
73 418 3.683
418 454 9.228
454 418 9.228
419 407 8.804
407 419 8.804
419 331 4.358
331 419 4.358
419 486 1.1
486 419 1.1
419 447 5.996
447 419 5.996
419 63 1.376
63 419 1.376
419 293 6.37
293 419 6.37
420 275 5.928
275 420 5.928
420 43 3.742
43 420 3.742
420 383 7.673
383 420 7.673
420 371 4.095
371 420 4.095
420 211 9.151
211 420 9.151
420 435 5.613
435 420 5.613
421 82 2.656
82 421 2.656
421 315 8.513
315 421 8.513
421 99 2.032
99 421 2.032
421 343 8.197
343 421 8.197
421 436 1.489
436 421 1.489
421 384 9.391
384 421 9.391
422 281 1.658
281 422 1.658
422 343 1.606
343 422 1.606
422 50 2.777
50 422 2.777
422 297 5.385
297 422 5.385
422 169 4.214
169 422 4.214
423 343 6.899
343 423 6.899
423 51 3.566
51 423 3.566
423 35 9.101
35 423 9.101
423 162 5.373
162 423 5.373
423 168 6.547
168 423 6.547
423 156 7.241
156 423 7.241
424 78 6.09
78 424 6.09
424 186 8.269
186 424 8.269
424 490 4.855
490 424 4.855
424 2 3.819
2 424 3.819
424 402 2.994
402 424 2.994
424 378 6.768
378 424 6.768
425 141 8.561
141 425 8.561
425 68 7.116
68 425 7.116
425 169 8.901
169 425 8.901
425 236 5.008
236 425 5.008
425 396 3.749
396 425 3.749
425 282 1.979
282 425 1.979
426 330 6.46
330 426 6.46
426 430 3.526
430 426 3.526
426 423 2.26
423 426 2.26
426 275 2.768
275 426 2.768
426 375 8.977
375 426 8.977
426 39 7.547
39 426 7.547
427 456 1.168
456 427 1.168
427 259 6.685
259 427 6.685
427 416 6.237
416 427 6.237
427 207 7.923
207 427 7.923
427 108 9.157
108 427 9.157
427 282 3.346
282 427 3.346
428 457 9.989
457 428 9.989
428 241 6.885
241 428 6.885
428 76 4.292
76 428 4.292
428 114 9.023
114 428 9.023
428 301 7.599
301 428 7.599
428 148 2.205
148 428 2.205
429 256 5.594
256 429 5.594
429 203 4.275
203 429 4.275
429 5 6.964
5 429 6.964
429 434 9.676
434 429 9.676
429 314 7.157
314 429 7.157
429 387 5.627
387 429 5.627
430 228 2.433
228 430 2.433
430 289 9.538
289 430 9.538
430 337 8.85
337 430 8.85
430 74 7.623
74 430 7.623
430 247 9.453
247 430 9.453
430 20 2.969
20 430 2.969
431 249 3.086
249 431 3.086
431 135 4.325
135 431 4.325
431 21 7.017
21 431 7.017
431 265 9.17
265 431 9.17
431 184 4.493
184 431 4.493
431 469 5.092
469 431 5.092
432 23 1.359
23 432 1.359
432 332 3.917
332 432 3.917
432 360 9.716
360 432 9.716
432 324 8.467
324 432 8.467
432 427 7.677
427 432 7.677
432 296 5.899
296 432 5.899
433 89 4.39
89 433 4.39
433 193 4.288
193 433 4.288
433 334 9.084
334 433 9.084
433 39 5.65
39 433 5.65
433 192 9.754
192 433 9.754
433 114 5.647
114 433 5.647
434 180 8.355
180 434 8.355
434 176 5.382
176 434 5.382
434 246 8.985
246 434 8.985
434 3 5.517
3 434 5.517
434 71 4.959
71 434 4.959
434 117 1.694
117 434 1.694
435 329 3.527
329 435 3.527
435 76 2.682
76 435 2.682
435 185 6.418
185 435 6.418
435 418 2.065
418 435 2.065
435 117 4.732
117 435 4.732
435 169 7.482
169 435 7.482
436 246 7.077
246 436 7.077
436 245 2.896
245 436 2.896
436 82 6.825
82 436 6.825
436 210 1.202
210 436 1.202
436 22 2.151
22 436 2.151
436 303 2.45
303 436 2.45
437 322 5.614
322 437 5.614
437 456 6.15
456 437 6.15
437 28 2.497
28 437 2.497
437 472 2.62
472 437 2.62
437 490 4.649
490 437 4.649
437 496 6.072
496 437 6.072
438 9 8.907
9 438 8.907
438 372 6.956
372 438 6.956
438 145 9.525
145 438 9.525
438 110 5.043
110 438 5.043
438 241 8.806
241 438 8.806
438 87 2.974
87 438 2.974
439 210 6.408
210 439 6.408
439 406 6.244
406 439 6.244
439 392 2.637
392 439 2.637
439 337 5.597
337 439 5.597
439 85 7.518
85 439 7.518
439 175 9.301
175 439 9.301
440 305 6.315
305 440 6.315
440 117 4.404
117 440 4.404
440 67 1.977
67 440 1.977
440 103 5.704
103 440 5.704
440 465 5.539
465 440 5.539
440 214 8.439
214 440 8.439
441 310 1.867
310 441 1.867
441 243 9.114
243 441 9.114
441 307 1.351
307 441 1.351
441 401 5.783
401 441 5.783
441 385 2.058
385 441 2.058
441 246 6.935
246 441 6.935
442 461 6.431
461 442 6.431
442 423 1.011
423 442 1.011
442 480 7.974
480 442 7.974
442 332 4.883
332 442 4.883
442 215 4.333
215 442 4.333
442 22 7.279
22 442 7.279
443 219 3.065
219 443 3.065
443 410 5.339
410 443 5.339
443 393 4.431
393 443 4.431
443 301 8.242
301 443 8.242
443 464 7.854
464 443 7.854
443 356 6.185
356 443 6.185
444 217 2.205
217 444 2.205
444 244 7.893
244 444 7.893
444 465 8.731
465 444 8.731
444 145 6.385
145 444 6.385
444 278 4.678
278 444 4.678
444 96 1.049
96 444 1.049
445 380 8.105
380 445 8.105
445 295 5.703
295 445 5.703
445 266 1.065
266 445 1.065
445 335 2.849
335 445 2.849
445 411 3.843
411 445 3.843
445 185 1.959
185 445 1.959
446 218 6.864
218 446 6.864
446 129 3.352
129 446 3.352
446 274 4.812
274 446 4.812
446 187 6.507
187 446 6.507
446 348 4.577
348 446 4.577
446 104 4.719
104 446 4.719
447 401 6.018
401 447 6.018
447 91 4.332
91 447 4.332
447 284 5.354
284 447 5.354
447 396 7.349
396 447 7.349
447 376 2.243
376 447 2.243
448 442 6.934
442 448 6.934
448 382 3.068
382 448 3.068
448 400 7.294
400 448 7.294
448 82 1.903
82 448 1.903
448 260 4.605
260 448 4.605
448 173 8.208
173 448 8.208
449 314 7.274
314 449 7.274
449 361 1.468
361 449 1.468
449 199 9.681
199 449 9.681
449 2 8.239
2 449 8.239
449 421 2.308
421 449 2.308
449 474 6.402
474 449 6.402
450 45 1.577
45 450 1.577
450 113 4.338
113 450 4.338
450 311 1.34
311 450 1.34
450 196 9.376
196 450 9.376
450 205 6.526
205 450 6.526
450 266 3.578
266 450 3.578
451 493 6.377
493 451 6.377
451 484 7.962
484 451 7.962
451 89 6.763
89 451 6.763
451 224 1.096
224 451 1.096
451 435 6.912
435 451 6.912
451 411 5.663
411 451 5.663
452 99 1.302
99 452 1.302
452 306 5.595
306 452 5.595
452 357 3.085
357 452 3.085
452 86 7.066
86 452 7.066
452 184 3.153
184 452 3.153
452 0 9.781
0 452 9.781
453 44 9.971
44 453 9.971
453 399 4.595
399 453 4.595
453 342 4.556
342 453 4.556
453 300 2.803
300 453 2.803
453 7 7.632
7 453 7.632
453 35 9.273
35 453 9.273
454 281 3.56
281 454 3.56
454 424 6.032
424 454 6.032
454 298 4.133
298 454 4.133
454 493 8.34
493 454 8.34
454 115 6.457
115 454 6.457
454 99 5.093
99 454 5.093
455 206 6.174
206 455 6.174
455 133 2.575
133 455 2.575
455 259 1.958
259 455 1.958
455 37 5.529
37 455 5.529
455 174 9.523
174 455 9.523
455 411 5.62
411 455 5.62
456 131 8.885
131 456 8.885
456 416 8.141
416 456 8.141
456 128 7.248
128 456 7.248
456 494 4.948
494 456 4.948
456 247 7.93
247 456 7.93
456 387 4.057
387 456 4.057
457 397 5.13
397 457 5.13
457 235 9.069
235 457 9.069
457 441 1.246
441 457 1.246
457 59 3.32
59 457 3.32
457 195 6.703
195 457 6.703
457 112 7.092
112 457 7.092
458 117 8.201
117 458 8.201
458 211 9.599
211 458 9.599
458 264 5.821
264 458 5.821
458 358 8.49
358 458 8.49
458 127 3.586
127 458 3.586
458 204 7.063
204 458 7.063
459 420 4.078
420 459 4.078
459 283 9.383
283 459 9.383
459 243 3.825
243 459 3.825
459 111 9.049
111 459 9.049
459 137 2.645
137 459 2.645
459 382 7.148
382 459 7.148
460 465 2.712
465 460 2.712
460 377 2.797
377 460 2.797
460 376 3.179
376 460 3.179
460 135 2.861
135 460 2.861
460 103 8.514
103 460 8.514
460 428 6.567
428 460 6.567
461 79 8.01
79 461 8.01
461 61 9.282
61 461 9.282
461 346 9.602
346 461 9.602
461 252 6.524
252 461 6.524
461 391 8.714
391 461 8.714
461 490 1.38
490 461 1.38
462 246 4.341
246 462 4.341
462 161 5.431
161 462 5.431
462 451 9.073
451 462 9.073
462 444 3.473
444 462 3.473
462 93 9.86
93 462 9.86
462 468 5.6
468 462 5.6
463 203 2.999
203 463 2.999
463 295 2.154
295 463 2.154
463 269 8.193
269 463 8.193
463 244 9.457
244 463 9.457
463 16 5.522
16 463 5.522
463 201 8.744
201 463 8.744
464 397 2.573
397 464 2.573
464 499 2.083
499 464 2.083
464 265 5.141
265 464 5.141
464 352 1.076
352 464 1.076
464 345 2.897
345 464 2.897
464 297 1.907
297 464 1.907
465 185 6.515
185 465 6.515
465 132 2.684
132 465 2.684
465 134 3.134
134 465 3.134
465 241 9.627
241 465 9.627
465 175 4.293
175 465 4.293
465 255 4.815
255 465 4.815
466 214 7.306
214 466 7.306
466 190 4.286
190 466 4.286
466 205 3.517
205 466 3.517
466 92 6.143
92 466 6.143
466 294 7.174
294 466 7.174
466 416 1.899
416 466 1.899
467 138 8.237
138 467 8.237
467 284 4.89
284 467 4.89
467 195 2.765
195 467 2.765
467 409 9.632
409 467 9.632
467 76 5.257
76 467 5.257
467 4 2.589
4 467 2.589
468 255 2.21
255 468 2.21
468 457 8.645
457 468 8.645
468 264 5.806
264 468 5.806
468 161 8.068
161 468 8.068
468 153 3.259
153 468 3.259
468 439 6.111
439 468 6.111
469 203 1.891
203 469 1.891
469 83 1.54
83 469 1.54
469 416 3.289
416 469 3.289
469 429 6.669
429 469 6.669
469 230 7.701
230 469 7.701
469 133 4.249
133 469 4.249
470 414 3.319
414 470 3.319
470 10 4.706
10 470 4.706
470 179 8.806
179 470 8.806
470 493 6.45
493 470 6.45
470 295 6.183
295 470 6.183
471 332 5.846
332 471 5.846
471 399 3.561
399 471 3.561
471 166 7.059
166 471 7.059
471 249 7.973
249 471 7.973
471 228 9.007
228 471 9.007
471 195 6.523
195 471 6.523
472 237 6.685
237 472 6.685
472 74 8.814
74 472 8.814
472 327 8.269
327 472 8.269
472 172 4.796
172 472 4.796
472 313 6.145
313 472 6.145
472 434 9.164
434 472 9.164
473 116 3.821
116 473 3.821
473 334 3.622
334 473 3.622
473 136 6.448
136 473 6.448
473 202 3.441
202 473 3.441
473 227 8.029
227 473 8.029
474 480 4.268
480 474 4.268
474 300 5.688
300 474 5.688
474 230 4.726
230 474 4.726
474 94 8.688
94 474 8.688
474 64 7.55
64 474 7.55
474 338 3.265
338 474 3.265
475 380 7.306
380 475 7.306
475 40 2.895
40 475 2.895
475 203 1.927
203 475 1.927
475 32 9.431
32 475 9.431
475 242 5.936
242 475 5.936
475 13 7.938
13 475 7.938
476 268 7.885
268 476 7.885
476 42 1.935
42 476 1.935
476 316 2.397
316 476 2.397
476 335 9.384
335 476 9.384
476 199 3.784
199 476 3.784
476 126 7.638
126 476 7.638
477 226 6.638
226 477 6.638
477 67 5.741
67 477 5.741
477 87 1.257
87 477 1.257
477 339 4.212
339 477 4.212
477 468 3.927
468 477 3.927
477 243 5.205
243 477 5.205
478 445 5.865
445 478 5.865
478 139 5.937
139 478 5.937
478 69 9.726
69 478 9.726
478 357 5.854
357 478 5.854
478 302 6.378
302 478 6.378
478 323 7.74
323 478 7.74
479 449 6.076
449 479 6.076
479 268 6.758
268 479 6.758
479 273 3.787
273 479 3.787
479 177 5.335
177 479 5.335
479 116 8.242
116 479 8.242
479 226 3.771
226 479 3.771
480 211 3.338
211 480 3.338
480 155 1.095
155 480 1.095
480 267 8.338
267 480 8.338
480 434 2.227
434 480 2.227
480 146 5.223
146 480 5.223
480 4 7.19
4 480 7.19
481 251 9.523
251 481 9.523
481 244 3.696
244 481 3.696
481 392 4.874
392 481 4.874
481 149 6.373
149 481 6.373
481 407 1.065
407 481 1.065
481 191 2.697
191 481 2.697
482 451 6.045
451 482 6.045
482 202 3.249
202 482 3.249
482 366 7.634
366 482 7.634
482 199 8.456
199 482 8.456
482 112 3.367
112 482 3.367
482 216 6.628
216 482 6.628
483 264 7.881
264 483 7.881
483 465 6.519
465 483 6.519
483 355 7.162
355 483 7.162
483 145 6.836
145 483 6.836
483 272 8.279
272 483 8.279
483 211 2.692
211 483 2.692
484 35 2.642
35 484 2.642
484 148 1.993
148 484 1.993
484 233 6.56
233 484 6.56
484 139 7.304
139 484 7.304
484 251 2.69
251 484 2.69
484 9 2.369
9 484 2.369
485 496 5.815
496 485 5.815
485 95 9.751
95 485 9.751
485 366 4.946
366 485 4.946
485 4 3.095
4 485 3.095
485 77 1.133
77 485 1.133
486 111 4.077
111 486 4.077
486 159 8.072
159 486 8.072
486 255 9.982
255 486 9.982
486 237 7.272
237 486 7.272
486 16 3.972
16 486 3.972
486 431 7.755
431 486 7.755
487 74 1.504
74 487 1.504
487 397 4.532
397 487 4.532
487 278 5.231
278 487 5.231
487 98 9.061
98 487 9.061
487 128 8.355
128 487 8.355
487 424 1.114
424 487 1.114
488 498 7.913
498 488 7.913
488 127 4.463
127 488 4.463
488 499 4.987
499 488 4.987
488 377 9.951
377 488 9.951
488 101 5.148
101 488 5.148
488 394 1.846
394 488 1.846
489 340 9.839
340 489 9.839
489 242 4.502
242 489 4.502
489 492 3.809
492 489 3.809
489 165 2.428
165 489 2.428
489 372 1.38
372 489 1.38
489 479 5.946
479 489 5.946
490 62 3.28
62 490 3.28
490 326 3.689
326 490 3.689
490 184 8.988
184 490 8.988
490 442 7.0
442 490 7.0
490 498 2.016
498 490 2.016
490 324 4.907
324 490 4.907
491 7 2.506
7 491 2.506
491 141 6.262
141 491 6.262
491 202 8.102
202 491 8.102
491 4 9.72
4 491 9.72
491 297 8.051
297 491 8.051
491 243 7.196
243 491 7.196
492 45 3.239
45 492 3.239
492 255 1.823
255 492 1.823
492 316 4.046
316 492 4.046
492 496 9.973
496 492 9.973
492 320 1.54
320 492 1.54
493 182 6.801
182 493 6.801
493 359 5.827
359 493 5.827
493 54 2.132
54 493 2.132
493 119 3.851
119 493 3.851
493 285 8.097
285 493 8.097
493 387 4.126
387 493 4.126
494 98 1.192
98 494 1.192
494 193 4.224
193 494 4.224
494 68 3.256
68 494 3.256
494 20 5.368
20 494 5.368
494 224 6.031
224 494 6.031
495 277 7.273
277 495 7.273
495 97 6.1
97 495 6.1
495 278 4.129
278 495 4.129
495 374 5.216
374 495 5.216
495 444 8.482
444 495 8.482
495 468 8.745
468 495 8.745
496 82 1.62
82 496 1.62
496 79 5.044
79 496 5.044
496 419 3.37
419 496 3.37
496 187 5.087
187 496 5.087
496 397 6.742
397 496 6.742
496 194 7.603
194 496 7.603
497 452 1.168
452 497 1.168
497 438 4.277
438 497 4.277
497 317 3.149
317 497 3.149
497 369 1.57
369 497 1.57
497 495 5.851
495 497 5.851
497 198 2.709
198 497 2.709
498 349 5.478
349 498 5.478
498 282 2.387
282 498 2.387
498 144 3.903
144 498 3.903
498 328 3.898
328 498 3.898
498 49 5.709
49 498 5.709
498 34 1.394
34 498 1.394
499 480 2.168
480 499 2.168
499 447 1.281
447 499 1.281
499 54 5.368
54 499 5.368
499 50 1.286
50 499 1.286
499 328 8.527
328 499 8.527
499 336 5.409
336 499 5.409
