5000
310 426
299 131
254 217
143 84
353 360
257 413
183 224
361 400
489 281
451 171
482 43
143 84
352 13
366 166
158 1
479 229
322 261
183 224
39 360
356 457
177 231
352 13
472 130
322 261
207 208
465 190
25 321
4 344
352 13
470 190
425 8
121 447
329 418
175 117
352 13
72 180
466 243
361 400
322 261
489 281
221 397
192 179
183 224
220 119
183 224
230 127
143 84
143 84
470 283
482 43
366 166
143 84
183 224
300 229
476 84
158 1
425 8
5 140
396 7
46 210
183 224
220 119
183 224
476 84
183 224
268 171
12 306
352 13
351 308
161 408
183 224
124 232
67 348
489 281
183 224
183 224
425 8
177 231
482 43
10 472
221 183
183 224
183 224
3 270
183 224
482 43
143 159
177 216
197 12
406 456
194 72
489 281
322 261
183 224
143 84
353 161
86 48
322 261
139 204
267 439
352 13
295 469
183 224
158 1
183 224
183 224
135 164
436 154
489 281
436 154
183 224
288 183
194 72
143 84
69 217
254 217
183 224
359 27
158 1
183 224
183 224
324 214
186 199
194 72
475 374
4 344
227 197
121 447
301 495
482 313
352 13
396 7
482 43
183 224
76 440
489 281
285 374
494 432
322 261
151 357
4 344
143 84
441 34
267 439
161 26
183 224
267 336
143 84
183 224
143 84
489 281
353 360
183 224
299 131
230 127
238 241
322 261
143 84
177 231
158 1
183 224
212 177
220 119
194 72
183 224
267 439
183 224
143 84
220 157
338 239
143 84
146 483
183 224
366 166
101 411
221 183
143 84
352 13
183 224
158 1
158 1
183 224
186 199
303 134
195 473
221 397
158 1
186 199
268 171
46 191
284 386
124 232
194 72
143 84
477 258
479 229
406 456
183 224
267 439
194 72
301 495
143 84
298 115
220 119
389 410
119 351
476 84
489 281
183 224
300 229
323 206
183 224
8 122
183 224
158 1
161 408
353 360
143 84
158 1
183 224
183 224
322 261
146 483
476 84
143 84
183 224
329 418
76 440
308 366
207 208
183 224
254 217
482 43
212 364
489 281
159 304
158 1
67 348
352 13
301 495
143 84
396 428
489 281
177 231
158 1
197 12
143 84
158 1
425 8
177 216
425 8
329 210
158 1
46 210
366 166
158 1
192 179
329 418
143 84
39 310
46 191
482 313
489 281
301 495
183 224
161 408
143 84
143 84
425 8
183 224
143 84
299 131
143 84
183 224
254 217
183 224
405 142
192 179
329 418
183 224
186 199
480 244
181 227
195 473
298 115
10 472
489 281
158 1
220 119
220 119
314 278
143 84
169 5
489 281
428 476
482 43
46 191
183 224
168 170
220 119
161 408
254 217
425 8
51 241
221 183
186 199
297 427
186 199
183 224
161 408
143 84
299 131
158 1
183 224
339 363
352 13
143 84
482 43
489 281
299 131
116 206
183 224
220 119
489 281
299 131
143 84
322 261
186 199
143 84
158 1
46 191
158 1
220 119
352 13
482 43
377 444
352 13
161 408
380 289
183 224
183 224
195 473
158 1
25 321
183 224
183 224
227 197
267 336
310 426
295 469
143 84
158 1
430 495
67 348
187 318
221 183
161 408
197 12
52 241
143 84
329 418
183 224
158 1
25 321
143 84
158 1
183 224
43 334
352 13
183 224
299 131
143 84
183 224
158 1
299 131
128 265
377 276
201 354
143 84
183 224
220 119
299 131
122 120
183 224
441 281
220 119
220 119
158 1
183 224
168 170
366 166
146 483
183 224
328 367
186 199
195 473
489 281
183 224
268 171
451 171
183 224
158 1
143 84
143 84
183 224
267 439
353 360
161 408
5 140
183 224
482 43
143 84
183 224
297 427
143 84
396 7
341 474
183 224
337 366
212 177
46 210
177 231
489 281
158 1
144 357
76 440
186 199
87 127
355 119
396 7
489 281
143 84
183 224
314 400
158 1
480 244
175 117
299 131
46 210
183 224
195 473
187 318
187 318
158 1
143 84
353 360
217 116
183 224
158 1
442 294
192 179
59 277
489 281
339 363
195 473
143 84
158 1
436 154
39 84
425 8
87 127
183 224
87 127
454 420
50 377
334 347
183 224
352 13
177 231
425 8
183 224
51 241
161 408
76 453
67 348
183 224
353 161
67 348
159 304
81 17
476 84
143 84
489 281
161 408
489 281
290 396
183 224
143 84
212 177
183 224
67 348
183 224
143 84
352 13
476 84
267 336
352 13
267 439
352 13
299 131
353 161
158 1
46 191
297 427
183 224
52 241
183 224
183 224
183 224
355 119
366 166
161 408
476 84
206 195
183 224
194 72
220 119
324 214
380 289
221 183
183 224
425 8
158 1
314 6
183 224
159 304
183 224
425 8
352 13
143 84
183 224
39 360
183 224
96 399
342 157
267 336
377 444
352 13
197 12
183 224
441 34
128 266
300 229
299 131
143 84
299 131
46 191
328 367
177 231
322 261
192 179
425 8
183 224
419 83
425 8
352 13
158 1
93 96
183 224
183 224
32 407
322 261
425 8
366 166
161 408
183 224
51 241
353 360
86 48
183 224
143 84
143 84
183 224
489 281
183 224
476 84
7 200
430 495
207 208
194 72
177 231
212 177
154 92
482 43
143 84
212 177
352 13
254 217
143 84
183 224
46 191
183 224
299 131
311 329
201 354
119 351
386 215
143 84
183 224
257 413
489 281
489 281
352 13
183 224
230 127
47 320
183 224
183 224
230 127
366 94
439 7
183 224
391 87
10 472
396 7
158 1
183 224
143 84
51 241
366 166
183 224
415 61
161 408
489 281
221 183
124 232
194 72
151 357
46 191
116 206
267 439
183 224
183 224
315 275
74 369
487 24
253 100
183 224
299 20
183 224
156 477
183 224
186 199
52 199
482 313
352 13
489 281
143 84
124 232
161 408
177 231
158 1
183 224
425 8
477 258
366 94
465 190
352 13
194 72
353 360
52 241
158 1
183 224
299 131
183 224
329 418
328 367
470 190
120 314
161 408
143 84
183 224
37 448
197 12
50 256
183 224
451 171
143 84
143 84
448 32
300 229
183 224
91 245
183 224
489 281
482 43
183 224
303 134
32 407
183 224
377 444
67 348
477 258
46 191
143 84
5 140
495 187
183 224
161 408
46 210
230 127
143 84
482 455
267 439
230 127
183 224
183 224
46 191
158 1
296 473
322 261
237 219
187 318
161 408
442 294
183 224
158 1
489 281
128 265
46 191
220 119
120 314
295 469
494 432
380 289
343 53
41 136
476 84
143 84
183 224
81 17
206 195
299 131
183 224
183 224
183 224
3 270
267 439
183 224
254 217
183 224
183 224
143 84
158 1
158 1
183 224
489 281
220 119
183 224
183 224
257 413
310 151
299 131
465 190
353 360
322 261
352 13
183 224
158 1
143 84
425 8
212 177
158 1
186 199
475 374
352 13
489 281
183 224
489 281
230 127
415 61
267 439
183 224
183 224
159 304
183 224
274 212
353 161
489 281
451 171
352 13
489 281
177 231
46 191
396 428
314 400
221 183
299 131
290 396
143 84
329 210
161 408
186 199
352 13
186 199
31 140
183 224
220 119
186 199
183 224
183 224
143 84
183 224
436 154
220 119
192 179
267 336
161 408
91 245
399 10
143 84
143 84
183 224
183 224
46 210
183 224
298 459
143 84
489 281
470 190
183 224
51 241
10 472
299 20
299 131
87 128
143 84
406 53
183 224
221 183
436 154
46 191
352 13
183 224
329 418
35 370
352 13
353 360
476 84
192 179
143 84
406 456
482 43
220 119
482 43
352 13
143 84
89 214
192 179
353 161
143 84
322 261
183 224
482 313
482 43
52 199
352 13
143 84
183 224
158 1
311 329
489 281
359 9
87 127
183 224
183 224
295 469
352 13
263 156
212 364
299 131
143 84
101 411
177 231
168 170
143 84
489 281
183 224
352 13
177 231
416 291
183 224
183 224
183 224
298 459
489 281
297 427
212 177
60 400
315 275
425 8
477 258
47 320
143 84
143 84
194 72
480 244
366 166
476 84
295 469
352 13
489 281
183 224
183 224
353 360
489 281
489 281
353 161
267 439
475 374
352 13
352 13
197 12
183 224
253 100
220 159
158 1
489 281
308 366
141 431
143 84
299 131
380 289
70 213
158 1
183 224
220 119
299 131
183 224
441 281
352 13
158 1
161 408
334 347
183 224
183 224
436 154
482 313
46 191
143 84
212 177
416 291
254 217
489 281
183 224
314 400
187 318
482 455
451 171
51 241
127 38
290 396
143 84
245 39
37 448
480 244
122 120
115 15
177 231
257 413
476 84
46 191
25 321
479 139
139 204
177 231
143 84
465 190
301 495
183 224
489 281
183 224
183 224
220 119
489 281
143 84
475 374
143 84
186 199
212 177
352 13
41 136
322 261
212 364
161 408
299 131
3 270
475 374
146 483
143 84
314 400
257 413
489 281
143 84
353 360
183 224
290 396
161 408
124 232
353 360
299 131
328 367
252 72
143 84
46 191
52 199
39 84
303 134
143 84
352 13
50 256
91 245
52 135
6 297
41 136
436 154
67 348
183 224
143 84
146 483
67 348
294 332
380 289
284 386
489 281
328 367
143 84
143 84
51 241
425 8
31 140
328 367
143 84
352 13
441 106
146 483
380 289
352 13
194 72
158 1
221 183
143 84
183 224
366 166
158 1
466 243
161 408
183 224
337 366
257 413
380 289
158 1
353 360
482 313
476 84
183 224
161 408
352 13
285 197
353 161
267 439
194 72
299 131
299 131
93 137
143 84
470 283
192 179
183 224
330 476
183 224
183 224
158 1
245 39
183 224
489 281
158 1
489 281
143 84
183 224
183 224
159 304
353 360
489 281
314 6
489 281
315 275
177 231
277 336
489 281
194 72
143 84
212 177
299 131
353 360
328 367
183 224
183 224
158 1
314 278
479 229
442 294
428 476
396 7
482 455
183 224
301 495
425 8
476 84
353 161
183 224
299 131
183 224
288 183
352 13
406 53
143 84
285 374
475 374
52 241
428 476
183 224
161 408
143 84
301 495
67 348
46 191
183 224
183 224
158 1
476 84
299 131
465 190
441 106
86 48
73 323
76 440
299 131
257 413
183 224
299 131
87 127
143 84
293 481
324 214
489 281
121 447
108 400
183 224
212 177
143 84
212 177
352 13
183 224
143 84
41 136
183 224
352 13
436 154
186 199
38 297
366 94
183 224
183 224
221 183
299 131
161 408
220 119
183 224
201 354
183 224
158 1
183 224
195 473
161 26
322 261
322 261
183 224
329 210
430 495
183 224
479 229
299 131
161 408
183 224
127 38
425 8
122 120
299 131
489 281
489 281
220 119
480 244
143 84
489 281
425 8
406 53
366 166
37 448
183 224
186 199
442 294
479 229
263 156
352 13
186 199
254 217
316 379
146 483
338 145
46 191
161 408
268 171
6 297
183 224
183 224
442 294
415 61
161 384
81 17
158 1
122 120
35 370
143 84
158 1
183 224
183 224
220 119
329 418
58 308
425 8
161 408
482 43
143 84
201 354
161 408
380 289
183 224
322 261
143 84
143 84
5 140
183 224
221 183
454 111
143 84
192 179
158 1
183 224
10 472
303 134
46 191
169 5
425 8
220 119
58 308
406 278
352 13
436 154
183 224
143 84
489 281
221 183
143 84
296 473
482 43
183 224
221 183
366 166
124 232
211 472
143 84
186 199
183 224
183 224
158 1
158 1
183 224
183 224
303 134
143 84
220 119
183 224
195 473
51 241
46 191
425 8
158 1
395 494
161 408
183 224
353 360
108 400
311 329
192 179
285 374
194 72
489 281
161 408
183 224
425 8
299 131
39 84
46 191
352 13
366 166
470 283
143 84
425 8
301 495
25 321
194 72
352 13
337 366
127 38
441 34
366 166
175 117
183 224
194 72
124 232
482 43
143 84
158 1
177 231
168 170
436 154
212 177
90 449
386 215
5 140
221 183
183 224
143 84
31 140
143 84
480 244
183 224
183 224
299 131
396 428
143 84
298 459
186 199
353 161
220 159
489 281
183 224
143 84
143 84
301 495
314 400
470 190
183 224
127 38
69 217
67 492
141 431
159 304
186 199
139 204
312 163
322 261
82 228
220 119
329 418
315 275
158 1
489 281
230 127
124 232
29 284
139 204
494 432
143 84
183 224
161 408
183 224
489 281
254 217
183 224
183 224
158 1
183 224
46 191
221 183
46 191
158 1
281 469
177 216
158 1
353 360
183 224
183 224
183 224
477 258
177 231
5 140
46 191
298 281
399 300
221 183
425 8
67 348
158 1
177 231
183 224
46 210
72 180
352 13
451 171
183 224
143 84
158 1
277 336
489 281
143 84
267 439
143 84
48 482
192 179
489 281
143 84
86 48
51 241
489 281
277 336
353 161
67 348
489 281
476 84
183 224
143 84
67 492
177 231
177 231
183 224
230 127
67 492
5 140
352 13
161 408
352 13
428 476
338 145
143 84
183 224
183 224
175 117
183 224
158 1
220 119
146 483
159 304
406 456
217 116
220 119
25 321
267 439
353 360
25 146
322 261
425 8
183 224
489 281
16 128
476 84
72 180
455 234
192 179
183 224
183 224
454 420
386 215
377 444
436 154
48 482
489 281
482 43
465 190
395 494
322 261
183 224
158 1
352 13
183 224
482 455
303 134
183 224
146 483
127 38
89 214
298 459
146 483
183 224
267 439
267 439
183 224
479 229
143 84
322 261
396 428
366 166
352 13
353 360
183 224
183 224
183 224
143 84
425 8
127 38
91 245
177 231
183 224
158 1
476 84
268 171
361 400
143 84
192 179
299 131
494 432
441 281
183 224
183 224
143 84
425 8
158 1
143 84
183 224
183 224
267 336
436 154
41 136
143 84
476 84
158 1
415 61
353 161
183 224
489 281
158 1
183 224
183 224
143 84
436 154
355 119
46 191
143 159
477 258
158 1
143 84
183 224
183 224
183 224
353 161
311 329
314 400
425 8
240 343
158 1
439 386
338 239
183 224
183 224
396 7
329 418
457 351
489 281
46 210
183 224
183 224
456 99
183 224
183 224
482 43
158 1
487 24
263 156
352 13
425 8
267 439
308 366
183 224
328 367
489 281
143 84
158 1
143 84
352 13
183 224
25 321
161 408
220 119
158 1
352 13
489 281
168 170
476 84
425 8
67 348
355 119
127 38
158 1
192 179
183 224
46 191
183 224
46 191
352 13
274 212
300 229
366 166
268 171
158 1
159 304
82 228
353 360
221 183
183 224
299 131
143 84
183 224
267 439
39 310
143 84
151 357
46 191
482 313
143 84
425 8
246 431
482 43
201 354
183 224
267 336
355 119
143 84
448 11
425 8
220 119
352 13
212 364
183 224
51 241
151 357
217 116
52 241
267 439
146 483
478 103
299 131
194 72
352 13
87 127
158 1
158 1
425 8
489 281
220 119
415 61
183 224
352 13
183 224
489 281
482 43
352 13
183 224
46 210
58 308
183 224
60 400
158 1
143 84
143 84
158 1
143 84
76 440
194 72
158 1
183 224
159 304
5 140
220 119
277 336
477 258
183 224
489 281
183 224
240 343
186 199
267 439
158 1
161 408
322 261
337 366
257 413
177 231
489 281
406 456
329 418
158 1
76 440
183 224
158 1
352 13
183 224
310 151
267 439
151 357
267 439
146 483
281 469
143 84
143 84
299 131
183 224
86 48
76 440
143 84
366 166
177 231
143 84
3 270
183 224
329 210
38 297
183 224
192 179
267 439
425 8
50 377
143 84
206 195
183 224
183 224
386 215
158 1
322 261
158 1
8 122
186 199
442 294
143 84
489 281
143 84
158 1
25 146
425 8
352 13
158 1
183 224
87 127
299 131
183 224
482 313
366 94
139 204
220 119
41 136
277 336
143 84
268 171
194 72
25 321
470 190
76 440
221 183
353 360
177 231
31 140
299 131
352 13
128 266
67 348
441 281
296 473
338 239
220 119
194 72
177 231
274 212
52 199
158 1
158 1
127 38
299 131
201 354
46 191
477 258
399 10
322 261
88 477
311 329
466 243
183 224
122 120
477 258
353 161
192 179
394 359
308 366
183 224
16 128
183 224
475 374
353 360
322 261
82 228
127 38
158 1
183 224
257 413
192 179
183 224
351 308
220 119
143 84
183 224
8 122
183 224
161 408
430 495
143 84
177 231
143 84
425 8
221 183
329 44
353 360
183 224
352 13
67 348
183 224
299 131
70 213
353 161
186 199
212 364
353 161
127 38
352 13
183 224
475 374
352 13
161 408
202 497
135 164
489 281
425 8
183 224
489 281
489 281
10 472
254 217
366 166
254 217
183 224
31 140
183 224
158 1
183 224
124 232
220 119
436 154
217 116
3 270
430 495
396 7
183 224
183 224
352 13
128 265
352 13
311 329
290 396
183 224
476 84
299 131
314 278
361 400
352 13
143 84
489 281
308 366
330 476
380 289
475 374
158 1
289 46
67 492
351 308
183 224
143 84
212 177
299 131
476 84
143 84
143 84
158 1
352 13
281 469
92 483
303 134
267 439
352 13
456 99
482 43
91 245
352 13
299 131
334 347
315 275
353 161
43 334
489 281
267 439
158 1
267 439
119 351
352 13
254 217
315 275
183 224
328 367
489 281
161 408
183 224
158 1
220 119
183 224
194 72
183 224
183 224
183 224
220 119
489 281
356 457
479 229
90 449
299 131
177 231
158 1
352 13
183 224
143 84
476 84
492 344
119 351
146 483
54 188
183 224
175 117
183 224
183 224
296 473
143 84
489 281
183 224
143 84
386 215
477 258
425 8
158 1
158 1
477 258
425 8
352 13
183 224
143 84
143 84
430 495
201 354
161 408
352 13
183 224
124 232
322 261
352 13
183 224
192 179
32 407
254 217
158 1
220 119
183 224
187 318
310 426
211 472
183 224
395 494
161 408
139 322
183 224
240 375
328 367
139 322
489 281
183 224
141 431
406 456
352 13
476 84
183 224
477 258
220 119
396 7
183 224
183 224
406 53
183 224
158 1
73 323
67 492
141 431
343 53
299 131
115 15
161 26
425 8
197 12
482 455
352 13
161 408
183 224
380 289
183 224
183 224
158 1
183 224
161 408
352 13
353 360
143 84
322 261
352 13
478 103
366 166
183 224
220 119
183 224
267 439
220 119
220 119
277 336
240 375
143 84
212 177
267 336
352 13
267 439
183 224
183 224
475 374
143 84
254 217
352 13
183 224
221 397
187 318
425 8
489 281
159 304
330 476
314 278
143 84
143 84
141 431
143 84
67 348
143 84
380 289
128 265
489 281
322 261
425 8
183 224
425 8
267 439
353 360
220 119
334 347
183 224
489 281
10 472
121 447
143 84
158 1
396 7
143 84
459 418
489 370
158 1
257 413
175 117
159 304
128 265
183 224
489 281
161 408
76 440
143 84
353 161
352 13
230 127
353 161
143 84
158 1
183 224
359 9
183 224
257 413
143 84
489 281
436 154
177 231
183 224
143 84
352 13
76 440
183 224
366 166
195 473
168 170
240 375
439 386
143 84
183 224
67 348
489 281
183 224
436 154
430 495
25 321
352 13
406 456
299 131
158 1
352 13
245 39
299 131
76 440
177 231
310 426
322 261
183 224
254 217
52 241
425 8
482 43
158 1
183 224
220 119
143 84
301 495
187 318
143 84
143 84
139 322
183 224
186 199
267 439
50 377
353 161
366 166
338 239
183 224
183 224
267 439
183 224
143 84
197 12
299 131
93 137
143 84
161 408
192 179
425 8
451 171
221 397
489 281
139 204
158 1
183 224
51 241
183 224
328 367
5 140
47 320
161 408
52 241
46 191
143 84
37 448
177 231
257 413
322 261
143 84
342 84
489 281
187 318
380 289
482 43
141 431
183 224
315 275
51 241
183 224
425 8
322 261
436 154
168 170
183 224
143 84
299 131
183 224
366 166
220 119
183 224
143 84
143 84
322 261
386 215
482 455
425 8
128 265
396 7
489 281
158 1
353 360
489 281
158 1
46 191
161 408
322 261
300 229
352 13
459 418
428 476
52 199
299 131
143 84
161 408
143 84
328 367
386 215
158 1
183 224
183 224
470 283
482 43
482 43
359 27
183 224
318 407
353 360
480 244
5 140
158 1
4 344
352 13
470 283
146 483
158 1
406 53
183 224
183 224
161 408
352 13
183 224
158 1
183 224
482 43
158 1
267 439
482 43
477 258
466 243
482 455
154 308
230 127
183 224
489 281
352 13
451 171
425 8
352 13
143 84
183 224
143 84
46 210
143 84
267 336
143 84
353 360
158 1
161 408
267 439
158 1
396 7
158 1
50 377
183 224
183 224
183 224
183 224
89 214
8 122
212 177
143 84
399 10
187 318
183 224
183 224
299 131
343 53
314 400
192 179
267 439
143 84
425 8
186 199
183 224
352 13
494 432
489 281
328 367
192 179
425 8
183 224
267 336
251 199
161 408
104 181
266 492
477 258
158 1
104 181
303 134
183 224
124 232
161 408
124 232
161 408
168 170
267 439
267 439
489 281
183 224
277 336
353 161
318 407
425 8
183 224
489 281
183 224
322 261
143 84
89 214
87 127
31 140
314 400
338 239
50 256
158 1
366 166
220 157
192 179
143 84
489 281
197 12
183 224
352 13
158 1
489 281
194 72
277 336
220 119
183 224
128 265
16 128
183 224
51 241
192 179
81 17
183 224
183 224
217 116
143 84
299 131
329 418
263 156
220 119
329 418
470 116
47 484
3 270
329 418
67 348
479 229
489 370
192 179
187 318
192 179
177 231
386 215
352 13
158 1
183 224
175 117
143 84
482 43
158 1
221 183
87 127
284 386
352 13
267 439
183 224
399 300
175 117
158 1
377 276
267 336
406 53
183 224
380 289
88 477
353 360
8 122
221 397
220 119
183 224
183 224
183 224
451 171
323 206
177 231
183 224
377 276
425 8
353 360
183 224
87 127
158 1
161 408
143 159
290 396
183 224
192 179
67 348
143 84
298 281
143 84
324 214
267 439
425 8
194 72
267 439
161 408
399 300
425 8
425 8
220 119
74 369
301 495
267 439
8 122
442 294
227 197
352 13
158 1
220 119
194 72
158 1
46 191
168 26
277 336
143 84
343 53
158 1
197 12
476 84
161 408
430 495
352 13
4 344
177 231
489 281
159 304
161 408
35 370
454 420
158 1
220 119
482 455
436 154
341 474
405 142
299 131
183 224
489 370
293 316
425 8
183 224
352 13
296 473
183 224
143 84
470 190
298 281
158 1
161 408
183 224
230 127
272 499
66 171
50 377
456 99
186 199
298 115
52 241
299 131
143 84
183 224
425 8
187 318
181 227
183 224
267 439
476 84
161 408
143 84
158 1
267 439
230 127
158 1
116 206
143 84
181 227
290 396
183 224
161 408
299 131
25 321
285 374
158 1
454 420
352 13
489 281
159 304
143 84
143 84
52 241
183 224
220 119
46 191
194 72
143 84
192 179
8 122
161 408
50 377
482 43
399 10
308 366
489 281
146 483
489 281
299 131
186 199
221 397
7 200
425 8
177 231
128 265
183 224
183 224
220 119
296 473
175 117
183 224
318 407
161 408
299 131
177 231
115 15
183 224
183 224
489 281
482 43
448 32
177 231
217 116
167 497
495 187
48 482
183 224
183 224
143 84
299 131
158 1
303 134
436 154
194 72
425 8
237 219
267 439
39 84
220 119
322 261
177 231
352 13
442 294
158 1
425 8
310 426
183 224
285 197
352 13
308 366
293 316
72 180
329 418
406 456
436 154
299 131
194 72
177 231
396 428
267 439
183 224
67 492
192 179
352 13
143 84
299 131
482 43
300 229
475 374
39 310
146 483
220 119
355 119
32 407
183 224
425 8
183 224
3 270
161 408
183 224
337 366
183 224
46 210
183 224
3 270
299 131
329 210
267 439
183 224
183 224
254 217
183 224
436 154
353 360
476 84
65 304
161 384
435 157
46 210
29 319
489 370
143 84
143 84
352 13
183 224
158 1
482 43
377 276
352 13
146 483
183 224
425 8
267 439
430 495
311 329
96 399
76 440
489 281
158 1
470 116
451 171
396 7
143 84
143 84
353 360
311 329
299 131
342 157
425 8
143 84
158 1
489 281
482 43
25 321
366 166
352 13
183 224
475 374
194 72
322 261
76 440
10 472
466 243
146 483
476 84
334 347
195 473
46 191
436 154
183 224
267 439
396 7
183 224
146 483
186 199
161 408
183 224
459 418
11 84
183 224
284 386
124 232
183 224
139 322
183 224
221 183
89 214
322 261
143 84
186 199
38 297
366 166
303 134
50 377
183 224
127 38
25 321
183 224
322 261
353 360
158 1
87 127
281 469
246 431
425 8
299 131
425 8
183 224
169 5
230 127
158 1
54 188
287 229
60 400
175 117
489 281
310 426
183 224
353 360
489 281
67 348
220 119
489 281
489 281
263 156
158 1
183 224
143 159
334 347
194 72
441 34
183 224
267 439
183 224
194 72
192 179
143 84
342 84
311 329
475 374
143 84
143 84
352 13
186 199
158 1
197 12
293 481
220 119
220 119
151 357
183 224
183 224
396 428
281 469
353 360
489 281
352 13
476 84
399 300
299 131
158 1
289 46
221 183
299 131
186 199
328 367
352 13
159 304
183 224
257 413
425 8
183 224
183 224
177 231
143 84
158 1
299 131
194 72
186 199
489 281
425 8
158 1
183 224
143 84
183 224
240 375
161 408
285 197
206 195
158 1
299 131
5 140
31 140
186 199
267 439
197 12
22 132
143 84
183 224
143 84
143 84
143 84
161 408
207 208
128 265
240 343
143 84
183 224
158 1
67 492
143 84
192 179
425 8
143 84
194 72
168 26
489 281
480 244
143 84
183 224
489 281
161 384
183 224
177 231
133 110
254 217
183 224
489 281
194 72
46 191
267 336
425 8
158 1
489 281
406 456
158 1
101 411
143 84
221 183
353 360
128 265
476 84
303 134
353 161
441 106
158 1
353 360
402 94
299 131
240 375
221 183
352 13
143 84
192 179
425 8
146 483
197 12
158 1
457 351
143 84
169 5
159 304
293 481
158 1
489 281
183 224
489 281
329 418
143 84
359 9
454 111
92 483
195 473
197 12
183 224
143 84
480 244
158 1
298 115
143 84
366 166
352 13
183 224
183 224
70 342
177 231
212 364
220 119
183 224
127 38
183 224
322 261
489 281
489 281
352 13
183 224
220 119
86 48
72 180
355 119
308 366
143 84
220 119
87 127
322 261
303 134
92 483
299 131
295 469
183 224
339 363
448 11
267 439
167 497
143 84
177 231
489 281
58 308
183 224
5 140
143 84
428 476
183 224
175 117
251 79
158 1
46 191
479 229
161 408
139 204
220 119
175 117
183 224
159 304
8 122
51 241
46 210
220 119
143 84
281 469
58 308
151 357
352 13
67 348
293 316
67 348
144 357
183 224
380 289
425 8
299 131
470 283
257 413
158 1
328 367
352 13
489 281
183 224
168 170
167 497
212 177
67 348
482 43
267 439
161 114
35 370
480 244
177 231
456 99
268 171
212 177
177 231
183 224
161 408
183 224
221 183
143 84
183 224
143 84
161 408
220 119
74 369
168 170
58 308
341 474
329 418
158 1
489 281
301 495
143 84
425 8
143 84
380 289
69 217
183 224
448 32
396 7
91 245
143 84
143 84
489 281
159 304
183 224
439 386
299 131
161 408
459 418
183 224
10 472
475 374
457 351
207 208
177 231
177 231
133 110
470 190
127 38
156 477
67 348
143 84
158 1
181 227
430 495
158 1
183 224
352 13
352 13
158 1
143 84
168 170
477 258
143 159
158 1
352 13
192 179
489 281
183 224
183 224
5 140
489 281
46 191
161 408
161 408
187 318
183 224
158 1
158 1
377 444
161 408
322 261
299 131
46 191
158 1
183 224
207 208
146 483
143 84
482 43
366 166
268 171
303 134
352 13
183 224
158 1
143 84
183 224
187 318
192 179
310 426
352 13
480 244
183 224
168 170
158 1
477 258
187 318
183 224
300 229
220 119
303 134
476 84
386 215
183 224
195 473
186 199
143 84
143 84
158 1
29 319
476 84
455 234
296 473
194 72
159 304
329 210
415 61
183 224
466 243
8 122
297 427
143 84
183 224
454 420
183 224
220 119
183 224
322 261
197 12
352 13
299 131
353 360
489 281
183 224
183 224
158 1
298 281
161 408
329 418
143 84
183 224
159 304
46 210
328 367
299 131
186 199
267 439
3 270
194 72
143 84
161 408
4 344
161 114
46 210
237 219
425 8
183 224
143 84
202 497
352 13
353 360
32 407
183 224
219 393
299 131
39 310
161 408
76 440
143 84
183 224
206 195
489 281
425 8
425 8
161 408
352 13
353 360
25 321
201 354
43 334
329 210
328 367
46 191
143 84
299 131
183 224
159 304
480 244
104 181
263 156
220 119
183 224
143 84
183 224
158 1
424 426
183 224
310 426
143 84
119 351
183 224
143 84
201 354
158 1
353 360
477 258
267 439
46 210
389 410
158 1
143 84
183 224
489 281
25 146
46 191
489 281
377 276
391 87
366 94
158 1
448 11
143 84
156 477
161 408
489 281
353 360
158 1
22 132
161 26
470 190
194 72
143 84
380 289
143 84
476 84
417 258
58 308
300 229
489 281
143 84
115 15
183 224
46 210
143 84
448 11
192 179
197 12
338 145
168 170
183 224
299 131
257 413
299 131
158 1
76 440
32 407
161 408
143 84
267 336
314 400
177 231
299 131
183 224
143 84
161 408
220 119
299 131
81 17
353 360
46 191
183 224
25 321
300 229
482 313
220 119
254 217
322 261
366 166
183 224
25 321
143 84
220 119
183 224
183 224
177 231
183 224
482 43
183 224
143 84
183 224
323 206
183 224
183 224
143 84
183 224
477 258
183 224
183 224
192 179
187 318
186 199
183 224
183 224
143 84
310 426
183 224
121 447
353 161
183 224
58 308
183 224
158 1
183 224
425 8
439 7
459 418
267 439
128 265
425 8
65 304
285 374
396 91
183 224
396 428
143 84
46 191
161 408
303 134
183 224
494 432
337 366
395 494
476 84
96 399
143 84
183 224
489 281
380 289
314 400
220 119
143 84
489 281
51 241
441 34
299 131
46 191
303 134
425 8
221 183
456 294
295 469
183 224
439 386
366 166
183 224
87 127
124 232
290 396
158 1
183 224
322 261
143 84
183 224
183 224
177 231
143 84
158 1
353 360
143 84
352 13
194 72
409 236
25 321
93 96
353 161
183 224
168 170
254 217
161 408
183 224
212 364
352 13
482 43
67 348
181 227
315 275
299 131
230 127
183 224
399 300
430 495
499 7
315 275
293 481
245 39
186 199
89 214
489 281
183 224
67 348
425 8
220 119
76 440
156 477
425 8
183 224
221 183
46 191
477 258
143 84
143 84
183 224
120 314
267 336
183 224
451 171
351 308
183 224
489 281
303 134
220 119
197 12
183 224
143 84
183 224
158 1
267 439
183 224
201 354
183 224
161 408
51 241
220 119
456 99
303 134
274 212
183 224
476 84
87 128
436 154
300 229
183 224
183 224
177 231
299 131
352 13
91 216
183 224
489 281
489 281
396 428
220 119
158 1
183 224
187 318
366 94
352 13
187 318
353 360
143 84
482 43
183 224
143 84
267 439
489 281
268 171
158 1
65 304
158 1
143 84
257 413
143 84
170 353
47 320
489 281
299 131
212 364
82 228
186 199
67 348
380 289
183 224
183 224
181 227
183 224
482 43
168 170
143 84
29 284
186 199
183 224
436 154
183 224
183 224
352 13
267 336
221 183
482 43
221 397
227 197
183 224
495 187
183 224
353 360
158 1
183 224
308 366
254 217
394 359
352 13
183 224
158 1
482 43
439 7
143 84
299 131
25 321
425 8
489 281
46 191
183 224
352 13
329 418
240 375
143 84
489 281
73 323
352 13
124 232
135 164
164 418
352 13
299 131
352 13
161 408
177 231
352 13
158 1
391 87
299 20
141 431
104 181
143 84
352 13
448 11
143 84
177 231
86 48
46 191
455 234
5 140
477 258
143 84
476 84
159 304
183 224
143 84
39 310
234 329
472 130
146 483
67 348
268 171
353 161
122 487
359 27
489 281
277 336
143 84
87 128
158 1
177 231
489 281
240 375
70 213
46 191
143 84
139 204
482 455
425 8
489 281
303 134
183 224
328 367
158 1
284 386
161 408
206 195
386 215
158 1
257 413
183 224
425 8
451 171
220 119
257 413
328 367
352 13
352 13
183 224
206 195
183 224
183 224
183 224
46 210
352 13
143 84
489 281
183 224
143 84
158 1
183 224
240 343
444 418
133 110
353 360
143 84
466 243
66 171
92 483
87 128
183 224
281 469
81 17
343 53
352 13
489 281
183 224
221 397
183 224
436 154
267 439
366 166
352 13
158 1
352 13
143 84
65 304
221 183
394 359
143 84
451 171
366 166
489 281
158 1
328 367
143 84
177 231
479 229
124 232
482 43
318 407
206 195
454 111
436 154
480 244
67 348
230 127
482 43
197 12
477 258
161 408
159 304
254 217
183 224
143 84
143 84
124 232
76 440
353 161
419 83
366 166
124 232
52 241
323 206
425 8
353 161
303 134
177 231
380 289
124 232
263 156
482 313
41 136
220 159
161 408
183 224
299 131
329 418
415 61
220 119
436 154
143 84
352 13
133 110
143 84
135 164
303 134
89 214
314 400
183 224
267 439
143 84
183 224
195 473
39 84
186 199
183 224
143 84
267 439
66 171
353 360
352 13
67 348
143 84
183 224
299 131
32 407
277 336
353 360
159 304
489 281
221 183
25 321
342 157
87 127
479 229
183 224
314 400
350 447
267 439
220 119
380 289
441 106
164 418
158 1
41 136
257 413
187 318
303 134
183 224
141 431
76 120
329 44
352 13
220 119
425 8
175 117
482 43
47 320
159 304
143 84
322 261
183 224
311 329
314 400
158 1
22 132
396 7
128 265
183 224
267 439
220 119
290 396
183 224
143 84
322 261
183 224
352 13
52 241
380 289
482 43
143 84
167 497
183 224
183 224
183 224
311 329
52 241
489 281
489 281
299 131
158 1
46 191
277 336
220 119
52 199
308 366
380 289
489 281
183 224
76 440
430 495
352 13
489 281
156 477
212 177
4 344
194 72
396 428
73 323
489 281
183 224
67 492
240 343
76 440
425 8
73 323
158 1
177 231
220 119
428 476
161 408
183 224
267 439
427 32
425 8
475 374
183 224
124 232
183 224
220 119
183 224
50 256
238 241
183 224
254 217
183 224
220 119
183 224
477 258
355 119
143 84
158 1
281 469
183 224
380 289
168 170
135 164
31 140
436 154
143 84
181 227
183 224
220 119
164 418
47 320
257 413
183 224
183 224
329 44
352 13
419 83
187 318
293 316
183 224
177 231
475 374
267 439
194 72
39 310
311 329
183 224
216 3
69 217
154 308
3 270
238 241
339 363
158 1
37 448
480 244
143 84
299 131
183 224
328 367
76 440
183 224
183 224
466 243
436 154
158 1
151 357
88 477
143 84
183 224
183 224
267 439
183 224
161 384
300 229
183 224
183 224
197 12
143 84
454 111
425 8
11 84
90 449
143 84
161 408
455 234
183 224
436 154
143 84
476 84
366 166
251 79
183 224
183 224
489 281
143 84
380 289
299 131
425 8
183 224
425 8
186 199
312 163
186 199
183 224
143 84
328 367
158 1
41 136
476 84
183 224
143 84
263 156
124 232
278 302
183 224
52 241
425 8
143 84
158 1
183 224
489 281
183 224
10 472
46 210
143 84
366 166
70 342
267 439
143 84
183 224
46 191
181 227
489 281
221 183
183 224
267 439
489 281
183 224
194 72
158 1
489 281
299 131
183 224
299 131
159 304
183 224
451 171
143 84
352 13
353 360
183 224
25 321
183 224
47 484
76 440
425 8
139 322
352 13
143 84
183 224
251 199
399 10
220 119
489 281
489 281
101 411
156 477
183 224
183 224
127 38
366 166
158 1
441 34
46 191
66 171
183 224
268 171
177 231
158 1
238 241
194 72
266 492
183 224
451 171
230 127
352 13
143 84
183 224
267 439
441 34
183 224
314 278
143 84
101 411
187 318
46 191
92 483
76 440
183 224
25 321
322 261
143 84
220 119
489 281
183 224
299 20
489 281
366 166
220 119
399 10
194 72
183 224
352 13
76 120
355 119
314 6
183 224
425 8
352 13
489 281
143 84
158 1
425 8
183 224
144 357
122 120
158 1
46 191
366 166
35 370
212 364
489 281
67 348
177 231
158 1
194 72
380 289
158 1
183 224
127 38
158 1
183 224
87 127
480 244
51 241
192 179
158 1
220 119
183 224
217 116
183 224
267 439
143 84
143 84
108 400
183 224
230 127
158 1
183 224
187 318
81 17
121 447
183 224
425 8
183 224
177 231
352 13
183 224
366 94
159 304
183 224
353 161
183 224
183 224
93 137
436 154
143 84
396 7
343 53
430 495
352 13
230 127
158 1
143 84
489 281
143 84
257 413
299 131
158 1
499 7
489 281
311 329
8 122
489 281
89 214
46 191
352 13
183 224
366 166
396 7
386 215
353 360
143 84
143 84
143 84
183 224
273 314
143 84
338 145
143 84
183 224
396 428
183 224
46 191
290 396
352 13
479 229
322 261
159 304
220 119
299 131
143 84
257 413
183 224
47 484
158 1
361 400
352 13
476 84
194 72
87 128
183 224
183 224
158 1
322 261
183 224
329 44
425 8
366 166
16 128
195 473
183 224
8 122
183 224
183 224
183 224
489 281
183 224
48 482
311 329
151 357
489 281
183 224
143 84
293 316
143 84
183 224
366 166
338 145
470 116
183 224
353 360
143 84
183 224
352 13
158 1
143 84
158 1
267 439
143 84
158 1
329 418
476 84
299 131
92 483
221 183
127 38
158 1
183 224
158 1
299 20
353 161
158 1
296 473
39 360
143 84
158 1
442 294
183 224
263 156
352 13
477 258
158 1
183 224
322 261
143 84
425 8
197 12
183 224
489 281
299 131
489 281
183 224
303 134
482 43
183 224
220 119
337 366
295 469
183 224
430 495
257 413
187 318
482 43
352 13
158 1
146 483
482 43
187 318
161 114
489 281
187 318
82 228
329 210
46 191
159 304
143 84
221 397
158 1
489 281
396 7
186 199
122 120
159 304
352 13
183 224
158 1
221 183
183 224
143 84
133 110
425 8
220 119
158 1
217 116
425 8
124 232
195 473
425 8
186 199
197 12
158 1
206 195
425 8
267 439
303 134
192 179
322 261
48 482
183 224
220 119
361 400
183 224
93 96
158 1
183 224
158 1
143 84
183 224
183 224
47 320
489 370
482 43
480 244
177 231
183 224
161 408
143 84
221 183
143 84
470 283
158 1
425 8
406 456
183 224
267 439
146 483
324 214
240 375
119 351
143 84
337 366
482 455
495 187
183 224
489 281
91 216
168 170
489 281
183 224
8 122
51 241
39 360
238 241
221 183
396 7
353 161
456 294
65 304
300 229
16 128
415 61
284 386
267 439
380 289
159 304
161 26
352 13
89 214
425 8
465 190
177 231
52 241
93 96
220 119
476 84
428 476
366 94
177 231
482 43
183 224
352 13
425 8
186 199
39 360
183 224
425 8
52 199
143 84
183 224
143 84
366 166
51 241
139 322
489 281
143 84
183 224
72 180
88 477
322 261
352 13
476 84
299 131
91 216
183 224
158 1
11 84
161 26
158 1
425 8
334 347
425 8
143 84
159 304
380 289
352 13
299 131
143 84
143 84
183 224
143 84
183 224
183 224
183 224
143 84
46 191
183 224
22 132
192 179
322 261
353 360
183 224
353 360
143 84
301 495
168 170
76 440
352 13
122 487
267 439
143 84
352 13
221 183
143 84
124 232
194 72
143 84
396 7
192 179
212 177
177 231
272 499
158 1
489 281
127 38
183 224
52 241
143 84
220 119
183 224
183 224
158 1
489 281
192 179
356 457
489 281
122 487
183 224
322 261
267 439
183 224
168 170
380 289
267 439
186 199
168 26
146 483
489 281
267 336
183 224
303 134
183 224
168 170
186 199
168 170
482 313
143 84
158 1
482 313
143 84
186 199
161 408
187 318
267 439
444 418
267 439
143 84
353 360
352 13
220 119
168 170
300 229
158 1
267 439
221 183
476 84
353 161
220 119
183 224
273 314
277 336
25 321
425 8
353 161
177 231
311 329
212 364
143 84
444 418
183 224
183 224
267 439
457 351
183 224
323 206
267 439
183 224
143 84
303 134
158 1
124 232
183 224
489 281
72 180
51 241
158 1
285 197
406 456
158 1
197 12
177 231
267 439
299 131
158 1
183 224
489 281
90 449
253 100
51 241
220 119
183 224
87 127
322 261
141 431
221 183
366 166
352 13
183 224
46 191
361 400
285 197
91 245
475 374
254 217
183 224
352 13
183 224
366 166
158 1
183 224
158 1
311 329
254 217
43 334
39 310
482 313
183 224
499 7
168 26
263 156
12 306
424 426
143 84
352 13
476 84
87 127
221 183
143 84
11 84
399 10
183 224
158 1
183 224
46 191
183 224
456 294
60 400
352 13
194 72
87 127
25 321
456 294
119 351
183 224
8 122
183 224
183 224
322 261
489 281
143 84
25 321
436 154
183 224
183 224
288 183
183 224
221 183
183 224
177 231
143 84
158 1
183 224
329 418
46 191
353 161
141 431
143 84
158 1
156 477
220 119
183 224
221 183
451 171
183 224
60 400
221 183
322 261
183 224
119 351
158 1
183 224
482 43
353 360
206 195
211 472
143 84
183 224
158 1
436 154
186 199
161 408
183 224
299 131
425 8
158 1
143 84
380 289
158 1
194 72
489 281
143 84
143 84
183 224
425 8
177 231
177 231
352 13
338 239
183 224
183 224
124 232
285 374
339 363
415 61
143 84
436 154
101 411
54 188
143 84
477 258
183 224
251 79
267 439
489 281
151 357
230 127
425 8
300 229
158 1
183 224
417 258
489 370
430 495
46 191
310 426
183 224
430 495
456 99
245 39
220 119
183 224
156 477
343 53
299 131
221 183
46 191
267 439
186 199
87 127
35 370
143 84
143 84
183 224
366 166
177 216
128 265
284 386
146 483
194 72
158 1
380 289
93 137
192 179
183 224
25 146
159 304
322 261
220 119
143 84
59 277
195 473
161 408
183 224
143 84
290 396
116 206
168 170
197 12
477 258
352 13
192 179
128 265
489 281
158 1
67 492
158 1
477 258
158 1
183 224
158 1
67 348
197 12
329 418
46 210
220 119
343 53
124 232
201 354
183 224
425 8
425 8
451 171
177 231
143 84
159 304
263 156
425 8
158 1
267 439
183 224
183 224
299 131
167 497
220 119
143 84
308 366
158 1
158 1
482 43
324 214
489 281
51 241
186 199
183 224
315 275
183 224
296 473
482 455
175 117
328 367
143 84
195 473
299 131
257 413
406 456
470 116
10 472
314 278
183 224
240 343
35 370
402 94
183 224
67 348
159 304
352 13
120 314
183 224
183 224
322 261
195 473
482 43
489 281
161 408
220 119
361 400
183 224
82 228
183 224
183 224
158 1
183 224
143 84
183 224
389 410
183 224
183 224
456 99
67 348
143 84
359 9
183 224
353 360
436 154
143 84
146 483
120 314
482 313
489 281
425 8
322 261
158 1
352 13
221 183
353 360
192 179
267 439
183 224
183 224
143 84
143 84
22 132
46 191
352 13
161 408
8 122
183 224
67 348
183 224
470 283
159 304
151 357
183 224
158 1
476 84
342 84
489 281
254 217
220 119
329 44
391 87
322 261
192 179
194 72
151 357
396 7
183 224
122 487
183 224
287 229
212 364
183 224
73 323
46 191
87 127
253 100
168 170
158 1
183 224
183 224
322 261
183 224
151 357
76 120
489 281
454 111
267 439
143 84
158 1
268 171
288 183
352 13
183 224
436 154
194 72
220 119
183 224
267 439
183 224
352 13
161 408
206 195
67 348
8 122
220 119
86 48
299 131
220 119
161 408
476 84
303 134
308 366
489 281
122 120
183 224
46 191
444 418
183 224
177 231
207 208
278 302
158 1
158 1
489 281
338 145
329 418
46 191
183 224
46 191
161 408
87 128
315 275
143 84
143 84
183 224
161 408
143 84
161 408
143 84
46 191
322 261
424 426
183 224
25 321
425 8
186 199
183 224
334 347
476 84
299 131
221 183
156 477
489 281
303 134
177 231
257 413
328 367
50 377
365 401
299 131
356 457
489 281
8 122
389 410
65 304
143 84
158 1
257 413
183 224
183 224
183 224
87 127
51 241
183 224
339 363
482 43
183 224
489 281
158 1
25 321
324 214
322 261
143 84
124 232
52 241
377 444
217 116
197 12
308 366
143 84
352 13
482 43
52 241
